(FA984,美女撫子-粉,,0.0,0.0	,0.29971653119508584	0.0	0.0	w: 0.0	0.0,!! 197.61057275714572 2254.5441252687137 192.81473465140482)
(FT069,鐵砲百合-白多朵,,0.0,0.0	,-0.2988673009254846	0.0	0.0	w: 0.0	0.0,!! -1367.0681158564385 90313.92594895727 231.6694588969822)
(FD211,小菊-德國風車,,0.0,0.0	,0.2981033983291518	0.0	0.0	w: 0.0	0.0,!! 374.1238024325698 15745.117669115505 100.03475546305921)
(FD608,小菊-小秋白,,0.0,0.0	,0.2979007589489566	0.0	0.0	w: 0.0	0.0,!! 627.6281878040289 8704.289372227215 509.9508740894903)
(FR410,玫瑰-丹薇粉,,0.0,0.0	,-0.2971912140486626	0.0	0.0	w: 0.0	0.0,!! -3429.9738888643133 61219.072685383544 2175.8199216717617)
(IH611,進口鬱金香-紅色,,0.0,0.0	,-0.296905050910996	0.0	0.0	w: 0.0	0.0,!! -900.1455170183722 45650.56287241879 201.3465244536941)
(FW111,星辰花-大湖熱情,,0.0,0.0	,0.2966910436672396	0.0	0.0	w: 0.0	0.0,!! 73.0624057958137 5787.43799797365 10.47834547346512)
(FW270,紫孔雀-紫孔雀,,0.0,0.0	,0.29565769636918343	0.0	0.0	w: 0.0	0.0,!! 3617.806201175481 47624.50209666643 3143.9944586124484)
(FD433,小菊-芬蘭小粉,,0.0,0.0	,0.2956073573084667	0.0	0.0	w: 0.0	0.0,!! 3181.4755410357793 36883.415323080466 3140.4766646478274)
(FE104,非洲菊-雷諾,,0.0,0.0	,0.29488100280385876	0.0	0.0	w: 0.0	0.0,!! 166.67339233782735 5172.013811522633 61.77023933402703)
(FR433,玫瑰-羽衣,,0.0,0.0	,-0.293321082108081	0.0	0.0	w: 0.0	0.0,!! -2151.5370538199813 72070.78299225759 746.5379029412719)
(FO010,蜘蛛蘭-蜘蛛蘭,,0.0,0.0	,0.2929522378617893	0.0	0.0	w: 0.0	0.0,!! 39.00980328899197 2246.2472593878683 7.8939854318418465)
(FT461,鐵砲百合-白天使單朵,,0.0,0.0	,0.2929423626218315	0.0	0.0	w: 0.0	0.0,!! 1149.3066834917963 15759.71014997389 976.6957073117193)
(FU553,洋桔梗-羅西娜彩藍,,0.0,0.0	,-0.2926460620280958	0.0	0.0	w: 0.0	0.0,!! -194.48116648498828 6633.957897117436 66.57283038501556)
(FD422,小菊-吉祥小粉,,0.0,0.0	,0.2924970738084565	0.0	0.0	w: 0.0	0.0,!! 1808.5746864092966 13031.093979618263 2933.924729163957)
(FH485,風鈴花-風鈴花,,0.0,0.0	,-0.2918569201722192	0.0	0.0	w: 0.0	0.0,!! -249.763389892924 17907.607938270412 40.89592091571277)
(FD326,小菊-蒙那麗莎陽光黃,,0.0,0.0	,0.2914999467990084	0.0	0.0	w: 0.0	0.0,!! 412.02291893439883 7042.279980301111 283.69553590010395)
(FD412,小菊-粉雲南菊,,0.0,0.0	,-0.29138299957260616	0.0	0.0	w: 0.0	0.0,!! -1310.7053452039 21209.834340872072 953.9913680817507)
(FU543,洋桔梗-羅西娜白粉,,0.0,0.0	,-0.2912790987288837	0.0	0.0	w: 0.0	0.0,!! -2732.3993325502897 41267.47965236057 2132.36600908071)
(FO002,腎藥蘭-腎藥蘭,,0.0,0.0	,-0.2912326899138258	0.0	0.0	w: 0.0	0.0,!! -6869.763244992488 215604.65987678975 2580.745353513593)
(FL222,LA百合-皇家五號雙朵,,0.0,0.0	,0.2905214675765934	0.0	0.0	w: 0.0	0.0,!! 2723.569809592422 36720.92568024309 2393.354021567703)
(IH480,進口龍膽-進口龍膽,,0.0,0.0	,-0.28936077493107365	0.0	0.0	w: 0.0	0.0,!! -1599.0541351733048 32400.874283948644 942.5193756503644)
(FH710,深山櫻-深山櫻,,0.0,0.0	,0.2893112681466181	0.0	0.0	w: 0.0	0.0,!! 2796.357601905877 29714.809319854012 3143.994458612447)
(FH344,火焰雞冠花-粉,,0.0,0.0	,0.28907952980142976	0.0	0.0	w: 0.0	0.0,!! 1578.0950625255498 19887.10766493086 1498.5112848351328)
(SZ6,半天花,,0.0,0.0	,-0.2886685307845438	0.0	0.0	w: 0.0	0.0,!! -6463.733308190256 173146.54026430333 2895.703938321086)
(FV0,辣椒-其他,,0.0,0.0	,0.2885579018092509	0.0	0.0	w: 0.0	0.0,!! 2895.4999103437676 32025.756469463373 3143.994458612448)
(FU476,洋桔梗-羅莎紫,,0.0,0.0	,-0.28816741187246464	0.0	0.0	w: 0.0	0.0,!! -1447.3058510507567 65138.317464466556 387.25262226847025)
(FC609,大菊-白東洋,,0.0,0.0	,0.28758907827067764	0.0	0.0	w: 0.0	0.0,!! 1557.973225011523 19905.773159117987 1474.3349164688475)
(FS419,香水百合-法藍西多朵,,0.0,0.0	,0.2874465539128193	0.0	0.0	w: 0.0	0.0,!! 88.20511972354589 12215.823721783885 7.708158168574405)
(FL129,LA百合-橙多朵,,0.0,0.0	,-0.28744209345174304	0.0	0.0	w: 0.0	0.0,!! -579.1733917938982 2755.169657563907 1473.5610093652447)
(FD408,小菊-瓊桃粉,,0.0,0.0	,0.28740592380032826	0.0	0.0	w: 0.0	0.0,!! 179.1536289225495 15837.314997602229 24.534557752341286)
(SG6,大蒜-蒜仁,,0.0,0.0	,-0.2863520375092296	0.0	0.0	w: 0.0	0.0,!! -3319.2971842351058 42737.582076491024 3143.994458612448)
(FS223,香水百合-里伯拉三朵,,0.0,0.0	,-0.28500656076072595	0.0	0.0	w: 0.0	0.0,!! -1046.5052535787697 48495.82162693325 278.0153590010405)
(FA940,小可愛-粉,,0.0,0.0	,0.2847584914271754	0.0	0.0	w: 0.0	0.0,!! 316.8076161224791 9535.504398979254 129.80582726326725)
(FH636,海芋-白,,0.0,0.0	,0.2847105525780563	0.0	0.0	w: 0.0	0.0,!! 1726.2309991368 18357.79125787653 2002.4895886852887)
(FT720,LO王后粉-LO王后粉,,0.0,0.0	,-0.2841560488536409	0.0	0.0	w: 0.0	0.0,!! -494.52640638413334 10645.999714631143 284.497669094693)
(IA300,進口康乃馨-黃,,0.0,0.0	,0.2839798131861787	0.0	0.0	w: 0.0	0.0,!! 1824.6128300718792 15365.246775148382 2686.7482255219184)
(FY234,葉牡丹-粉,,0.0,0.0	,0.28257995575415656	0.0	0.0	w: 0.0	0.0,!! 576.7542870608486 33171.93153328038 125.58223176541364)
(FP2,萊豆-豆仁,,0.0,0.0	,-0.28249430651856006	0.0	0.0	w: 0.0	0.0,!! -3368.0083174183874 48266.75906960245 2944.9557489350286)
(FO212,虎頭蘭-大輪橙,,0.0,0.0	,0.28232153905780816	0.0	0.0	w: 0.0	0.0,!! 261.9919529346797 9707.486425135969 88.71173777315288)
(FD303,小菊-空心黃,,0.0,0.0	,-0.28063947971533404	0.0	0.0	w: 0.0	0.0,!! -15.369664972126563 3261.7434678027757 0.9195629552549358)
(FY024,蘆筍草-蘆筍草,,0.0,0.0	,0.2794834132515085	0.0	0.0	w: 0.0	0.0,!! 2598.104139844516 82827.83832011188 1043.337232049948)
(FY025,香冠柏-香冠柏,,0.0,0.0	,0.2794640401667579	0.0	0.0	w: 0.0	0.0,!! 774.9996012032146 27190.893901644085 282.8313888934054)
(FH441,小蒼蘭-紅色,,0.0,0.0	,0.27899996103993696	0.0	0.0	w: 0.0	0.0,!! 158.8712027781593 2403.254070738265 134.92188345473454)
(FD612,小菊-白雲南菊,,0.0,0.0	,-0.2782756285493527	0.0	0.0	w: 0.0	0.0,!! -442.1769691404561 5809.597447133905 434.60613395063734)
(FD200,小菊-金,,0.0,0.0	,0.2777396262857982	0.0	0.0	w: 0.0	0.0,!! 1543.29039217758 9820.59586550796 3143.9944586124475)
(FD406,小菊-阿來粉,,0.0,0.0	,0.2773454542261754	0.0	0.0	w: 0.0	0.0,!! 197.21612257122752 6263.589419481014 80.7271175858481)
(X6,蘋果-富士,,0.0,0.0	,-0.27712583921764583	0.0	0.0	w: 0.0	0.0,!! -1440.6184181363528 48242.6908643088 560.1603431077652)
(IA000,進口康乃馨-中大輪,,0.0,0.0	,-0.27665835290664054	0.0	0.0	w: 0.0	0.0,!! -1865.677141146661 14470.035828059488 3142.7931682898675)
(FA886,康乃馨-多朵白帶紅,,0.0,0.0	,0.27621876416644686	0.0	0.0	w: 0.0	0.0,!! 433.7973585934231 5938.889390189309 415.3002705515087)
(FD319,小菊-木瓜黃(重瓣),,0.0,0.0	,-0.27602851865046246	0.0	0.0	w: 0.0	0.0,!! -1606.470109675892 12533.958828914117 2702.3968470343398)
(FC202,大菊-精英金,,0.0,0.0	,0.27548796230038286	0.0	0.0	w: 0.0	0.0,!! 266.1898992998004 8501.291531983245 109.82291855001289)
(FS661,OT黃金艾曼達-單朵,,0.0,0.0	,-0.275047508700723	0.0	0.0	w: 0.0	0.0,!! -874.3823251707023 18613.515273347217 542.948839465726)
(FR439,玫瑰-翡翠香檳,,0.0,0.0	,-0.27428767977674845	0.0	0.0	w: 0.0	0.0,!! -5827.087698721765 143551.83065916365 3143.994458612448)
(FK441,羅迪納-單朵,,0.0,0.0	,-0.2731299341318313	0.0	0.0	w: 0.0	0.0,!! -886.8456952201726 10032.379816382387 1050.8810455011057)
(FK452,柯柏拉-雙朵,,0.0,0.0	,-0.27288245737161815	0.0	0.0	w: 0.0	0.0,!! -447.3845153965714 8174.45616619509 328.815130072841)
(FA400,康乃馨-粉,,0.0,0.0	,0.27277532115187336	0.0	0.0	w: 0.0	0.0,!! 1366.254516172875 20578.41441601201 1219.1051349912198)
(FD635,小菊-林克小白,,0.0,0.0	,0.27176589939768825	0.0	0.0	w: 0.0	0.0,!! 2066.1475523777003 28216.611977183707 2048.461836343977)
(IH000,進口其它花卉-進口其它花卉,,0.0,0.0	,-0.27105580404598134	0.0	0.0	w: 0.0	0.0,!! -2538.3940650397117 28571.70079029072 3069.47832958019)
(FV4,辣椒-朝天椒,,0.0,0.0	,-0.27042734075091285	0.0	0.0	w: 0.0	0.0,!! -3959.8745936042164 68199.29695983347 3143.994458612448)
(FH342,火焰雞冠花-橘,,0.0,0.0	,0.27021934713678836	0.0	0.0	w: 0.0	0.0,!! 589.5912982946732 10487.524101423975 453.93772604220857)
(FN1,敏豆-白豆,,0.0,0.0	,-0.2699172916755011	0.0	0.0	w: 0.0	0.0,!! -1607.3999228859825 11279.885707279354 3143.994458612449)
(FR709,玫瑰-丹尼爾,,0.0,0.0	,-0.2698907037125882	0.0	0.0	w: 0.0	0.0,!! -4095.27702814573 150410.7286400486 1530.776914387682)
(FA812,康乃馨-波斯桃紅,,0.0,0.0	,0.2697803444062927	0.0	0.0	w: 0.0	0.0,!! 822.54145376512 12235.890736704303 759.7301977107179)
(X2,蘋果-秋香,,0.0,0.0	,-0.268749763111104	0.0	0.0	w: 0.0	0.0,!! -1539.7360392262863 19279.106247435273 1702.5876274713842)
(FY059,虎尾蘭-虎尾蘭,,0.0,0.0	,-0.26849445013171774	0.0	0.0	w: 0.0	0.0,!! -249.33316079077872 35712.26738600476 24.147492195629567)
(FA700,康乃馨-紫,,0.0,0.0	,0.2684828793430731	0.0	0.0	w: 0.0	0.0,!! 1169.1625766621933 13786.621311884217 1375.4942247658685)
(FR415,玫瑰-大雷射,,0.0,0.0	,0.26846104026774836	0.0	0.0	w: 0.0	0.0,!! 219.45025839521892 80674.00463090518 8.282778355879312)
(FD312,小菊-黑心小黃,,0.0,0.0	,0.2678121339913846	0.0	0.0	w: 0.0	0.0,!! 658.9903319716556 10331.743680810705 586.0355512243103)
(FW561,滿天星-以色列,,0.0,0.0	,0.26725187104427345	0.0	0.0	w: 0.0	0.0,!! 595.1532940498496 6667.234801905555 743.8244065833115)
(J1,荔枝-玉荷包,,0.0,0.0	,-0.2659988268654648	0.0	0.0	w: 0.0	0.0,!! -2204.168166163114 45121.17893301474 1521.771935483871)
(Q4,蓮霧-巴掌蓮霧,,0.0,0.0	,-0.26582639999077706	0.0	0.0	w: 0.0	0.0,!! -6481.764925587475 189774.28168179083 3132.946487748765)
(FS211,香水百合-寶貝粉單朵,,0.0,0.0	,0.26579555029841767	0.0	0.0	w: 0.0	0.0,!! 303.54113121443504 5032.582003805607 259.14857440166475)
(IH056,進口水仙百合-白,,0.0,0.0	,-0.26474955285942814	0.0	0.0	w: 0.0	0.0,!! -386.73452328913197 8104.0654972648335 263.30097814776275)
(G3,酪梨,,0.0,0.0	,-0.2636978899964261	0.0	0.0	w: 0.0	0.0,!! -5948.329941305396 161843.40928037808 3143.9944586124484)
(FL120,LA百合-橙,,0.0,0.0	,0.26321246259228026	0.0	0.0	w: 0.0	0.0,!! 434.0133501141888 3242.6072726986595 838.4920083246612)
(FC604,大菊-白領,,0.0,0.0	,0.2631245549278737	0.0	0.0	w: 0.0	0.0,!! 158.96416784493417 3389.6860823468983 107.675338189386)
(FM0,菜豆-其他,,0.0,0.0	,0.26303607168353266	0.0	0.0	w: 0.0	0.0,!! 598.2674953693346 18981.18380684908 272.5441727367327)
(SA42,蘿蔔-櫻桃,,0.0,0.0	,-0.26244576130750885	0.0	0.0	w: 0.0	0.0,!! -2570.9426868468536 62385.44134335154 1538.2340215677027)
(IW560,進口滿天星-白,,0.0,0.0	,-0.2614018000392985	0.0	0.0	w: 0.0	0.0,!! -1546.4464945373943 29921.040975244003 1169.7039334027052)
(FG301,劍蘭-深黃,,0.0,0.0	,0.25940836085268604	0.0	0.0	w: 0.0	0.0,!! 79.47801997432678 3571.021417516568 26.286555671175847)
(31,釋迦,,0.0,0.0	,-0.25776668917683926	0.0	0.0	w: 0.0	0.0,!! -1963.3478021774831 20842.098923134872 2783.552658404332)
(IA102,進口康乃馨-深紅,,0.0,0.0	,0.25758977656625676	0.0	0.0	w: 0.0	0.0,!! 75.74193847712634 3207.013055861275 26.95968782518212)
(FR417,玫瑰-甜心,,0.0,0.0	,-0.25727271023255827	0.0	0.0	w: 0.0	0.0,!! -4575.329094733839 100594.7834097998 3143.994458612448)
(IH617,進口鬱金香-紫色,,0.0,0.0	,-0.2567528155700633	0.0	0.0	w: 0.0	0.0,!! -1053.1277407404364 94965.24727442492 177.16053069719044)
(SE3,青蔥-大蔥,,0.0,0.0	,0.2547932688233286	0.0	0.0	w: 0.0	0.0,!! 3020.882602473058 86674.8361064648 1621.8054887893472)
(FS530,香水百合-賈絲廷娜,,0.0,0.0	,-0.2547346863971574	0.0	0.0	w: 0.0	0.0,!! -2108.2919235988215 96331.14566303688 711.0802130349244)
(FO560,石斛蘭-白,,0.0,0.0	,-0.254099043794594	0.0	0.0	w: 0.0	0.0,!! -1400.2101448765907 20450.59895499326 1484.8218376447062)
(FT000,鐵砲百合-鐵砲百合,,0.0,0.0	,0.2518829741062256	0.0	0.0	w: 0.0	0.0,!! 543.958473317758 11923.281768453015 391.14524945531986)
(FG115,劍蘭-２４３號,,0.0,0.0	,-0.25177498314416763	0.0	0.0	w: 0.0	0.0,!! -1255.973353405295 33406.86956858903 744.9033347831034)
(FD401,小菊-秋陽,,0.0,0.0	,0.2504376985719691	0.0	0.0	w: 0.0	0.0,!! 2057.97569746541 21977.755155724673 3072.54140970506)
(FD119,小菊-龍鳳小紅,,0.0,0.0	,0.25016548879834744	0.0	0.0	w: 0.0	0.0,!! 71.18812595542553 2765.235669555328 29.28385015608743)
(FD610,小菊-青心小白,,0.0,0.0	,0.25005470660277873	0.0	0.0	w: 0.0	0.0,!! 950.5998118534034 18269.77292637043 791.0286833783168)
(72,小番茄-聖女,,0.0,0.0	,0.2495078296215044	0.0	0.0	w: 0.0	0.0,!! 2275.81495656896 26462.067061657643 3143.9944586124484)
(LF0,蕹菜-其他,,0.0,0.0	,0.2483640931354272	0.0	0.0	w: 0.0	0.0,!! 510.0894986998273 18791.1446661811 224.47186365927416)
(812,火龍果-紅肉,,0.0,0.0	,-0.24831078898984707	0.0	0.0	w: 0.0	0.0,!! -7143.465760690984 263235.8184183559 3143.994458612448)
(FH337,雞冠花-紫紅,,0.0,0.0	,0.2461514344800419	0.0	0.0	w: 0.0	0.0,!! 1491.0263511935868 13618.079219127489 2694.32536391942)
(FO561,石斛蘭-白紅心,,0.0,0.0	,-0.242938684706728	0.0	0.0	w: 0.0	0.0,!! -1381.3253846509922 18419.224027143944 1755.2028040859136)
(FC615,大菊-  國王,,0.0,0.0	,-0.2421067402654639	0.0	0.0	w: 0.0	0.0,!! -865.1653558359951 35350.011533538374 361.2392403746098)
(FD435,小菊-林克小粉,,0.0,0.0	,0.24202922217599684	0.0	0.0	w: 0.0	0.0,!! 167.72621863785565 4001.851372918697 120.0066594449141)
(FO022,萬代蘭-巨輪橙,,0.0,0.0	,0.2413162220160161	0.0	0.0	w: 0.0	0.0,!! 1488.875045766396 24244.132691771156 1570.1343496357958)
(FT660,鐵砲百合-雷山一號,,0.0,0.0	,0.24076054638208183	0.0	0.0	w: 0.0	0.0,!! 1914.2846574738742 21283.051398175994 2970.3559986748833)
(FG703,劍蘭-深絨紫,,0.0,0.0	,-0.2365005035008743	0.0	0.0	w: 0.0	0.0,!! -1012.2660085940043 47394.109959008456 386.545655282583)
(FS230,香水百合-雷夢娜,,0.0,0.0	,0.23566912267526793	0.0	0.0	w: 0.0	0.0,!! 445.7479855136994 10349.670062152618 345.65823100936507)
(829,蜜棗-進口,,0.0,0.0	,-0.2352794170647865	0.0	0.0	w: 0.0	0.0,!! -6486.216001760356 505604.7336756834 1503.1551610057886)
(FH318,大理花-雙色,,0.0,0.0	,0.23472545351677104	0.0	0.0	w: 0.0	0.0,!! 1076.7464641373635 15159.092996241216 1388.1401560874087)
(FD131,小菊-小紅娘,,0.0,0.0	,0.23366901856053332	0.0	0.0	w: 0.0	0.0,!! 1445.102749250708 12774.258733121475 2994.0529552549424)
(FV6,辣椒-糯米椒,,0.0,0.0	,0.2319390642567625	0.0	0.0	w: 0.0	0.0,!! 1771.869871302115 18562.397721183817 3143.994458612448)
(SX0,芽菜類-其他,,0.0,0.0	,0.23178399053632592	0.0	0.0	w: 0.0	0.0,!! 111.12312948656225 3670.8776871674722 62.614099895941685)
(FK003,葵百合-三朵,,0.0,0.0	,-0.23175142389143416	0.0	0.0	w: 0.0	0.0,!! -775.8746957630368 36362.129895985985 308.2400312174816)
(FW130,星辰花-黃,,0.0,0.0	,-0.23137796861869803	0.0	0.0	w: 0.0	0.0,!! -2686.7589834996584 47179.70438845531 2857.9734908705127)
(FO334,香水文心蘭-黃金,,0.0,0.0	,-0.23078917846151917	0.0	0.0	w: 0.0	0.0,!! -367.4554186613645 17147.95749687487 147.83117585848092)
(FA000,康乃馨-中大輪混,,0.0,0.0	,0.2297249010387987	0.0	0.0	w: 0.0	0.0,!! 1361.0234901813005 38285.455999607744 916.814073596839)
(FU473,洋桔梗-國王淡紫,,0.0,0.0	,-0.2293974655739263	0.0	0.0	w: 0.0	0.0,!! -1399.6082356394245 44659.652754744115 833.5284079084284)
(FR111,玫瑰-新櫻紅,,0.0,0.0	,-0.2281764827761049	0.0	0.0	w: 0.0	0.0,!! -4423.69022154003 119548.9811336578 3143.9944586124484)
(FR117,玫瑰-萬年紅,,0.0,0.0	,-0.22601892224805495	0.0	0.0	w: 0.0	0.0,!! -4698.857724646913 137471.6734494 3143.994458612448)
(FH195,玉蘭花-玉蘭花,,0.0,0.0	,-0.22591031280037463	0.0	0.0	w: 0.0	0.0,!! -6868.346191638521 299001.80965449044 3091.4229289558402)
(FU272,洋桔梗-彼得2號白紫,,0.0,0.0	,-0.22471694963520175	0.0	0.0	w: 0.0	0.0,!! -781.6199528079864 29037.341316832368 416.64172736732576)
(FO1,蠶豆-豆莢,,0.0,0.0	,-0.22396001396776674	0.0	0.0	w: 0.0	0.0,!! -308.2381895192659 10216.452448231123 185.4094221920526)
(SA4,蘿蔔-櫻桃,,0.0,0.0	,0.2238724927397121	0.0	0.0	w: 0.0	0.0,!! 407.3447305545959 42982.90955910292 77.02415192507806)
(FK422,葵百合-阿提亞雙朵,,0.0,0.0	,-0.22268257765875665	0.0	0.0	w: 0.0	0.0,!! -1120.2010581223703 25054.77353729405 1010.0177260422086)
(FU551,洋桔梗-舞曲彩藍,,0.0,0.0	,-0.2207340281767724	0.0	0.0	w: 0.0	0.0,!! -976.8993289021009 16455.41907754525 1190.288116545265)
(FS233,香水百合-雷夢娜三朵,,0.0,0.0	,-0.22041260051737227	0.0	0.0	w: 0.0	0.0,!! -1715.3987131278882 84366.55906394601 717.9380749219561)
(X5,蘋果-紅玉,,0.0,0.0	,0.22017591200180803	0.0	0.0	w: 0.0	0.0,!! 240.52892428845203 4794.220526701059 248.92986472424573)
(FY053,觀賞辣椒-觀賞辣椒,,0.0,0.0	,-0.21950397274854386	0.0	0.0	w: 0.0	0.0,!! -1836.4282658357347 32680.439859227045 2141.782049947971)
(FE410,非洲菊-南丁格爾,,0.0,0.0	,-0.21903815435480184	0.0	0.0	w: 0.0	0.0,!! -144.86208298283023 5982.686079399274 73.10947970863683)
(H9,柚子-進口,,0.0,0.0	,0.21898958117748302	0.0	0.0	w: 0.0	0.0,!! 598.525210586092 15524.084195646663 481.18491155046786)
(SH4,竹筍-孟宗筍,,0.0,0.0	,-0.21882931643010023	0.0	0.0	w: 0.0	0.0,!! -6932.307341020507 631521.9826795356 1589.1179653762358)
(FC315,大菊-青心黃,,0.0,0.0	,0.21838299042458434	0.0	0.0	w: 0.0	0.0,!! 6.889643581312335 55.8173637027524 17.83144640998957)
(FA608,康乃馨-粉帶白,,0.0,0.0	,0.21790926825941273	0.0	0.0	w: 0.0	0.0,!! 507.6330856170142 5527.149485058447 981.8547034339227)
(FH304,鱗托菊-鱗托菊,,0.0,0.0	,-0.21705814628976572	0.0	0.0	w: 0.0	0.0,!! -42.73748326265842 836.3474171036969 46.35312174817897)
(IH375,進口大飛燕草-進口大飛燕草,,0.0,0.0	,0.21643980990202316	0.0	0.0	w: 0.0	0.0,!! 196.6209697910852 6187.623898614625 133.37101977107173)
(FR811,玫瑰-紅粉情人,,0.0,0.0	,0.21643083276055308	0.0	0.0	w: 0.0	0.0,!! 416.8541376622752 9106.669321005735 407.3525182101977)
(FD802,染小菊-白鑽石,,0.0,0.0	,-0.21639310785842683	0.0	0.0	w: 0.0	0.0,!! -293.94468862420376 3575.3651613071524 516.088262226847)
(IA100,進口康乃馨-紅,,0.0,0.0	,-0.2144879676450171	0.0	0.0	w: 0.0	0.0,!! -1343.5396093798945 12479.96332045428 3143.9944586124484)
(869,山竹-進口,,0.0,0.0	,-0.21342937650466756	0.0	0.0	w: 0.0	0.0,!! -1141.0144160601 188807.07521464827 151.3755056988163)
(LR1,塌棵菜,,0.0,0.0	,0.21228425248008143	0.0	0.0	w: 0.0	0.0,!! 433.09901309056426 18997.47971430314 219.10023384657913)
(FS721,百合-  布萊斯卡單朵,,0.0,0.0	,0.21154752159132728	0.0	0.0	w: 0.0	0.0,!! 570.7610953486778 13130.107194273207 554.4017218798776)
(70,小番茄-其他,,0.0,0.0	,0.20934546269031282	0.0	0.0	w: 0.0	0.0,!! 2614.7025954809683 49617.596044007114 3143.9944586124484)
(FH447,小蒼蘭-紫色,,0.0,0.0	,-0.209280288876011	0.0	0.0	w: 0.0	0.0,!! -186.53814441920363 8145.301414924975 97.53747138397502)
(FC400,大菊-粉,,0.0,0.0	,-0.20922210627882296	0.0	0.0	w: 0.0	0.0,!! -1173.5843791607826 36214.550643132214 868.8211807768599)
(FO519,石斛蘭-深紅,,0.0,0.0	,-0.20899486168697362	0.0	0.0	w: 0.0	0.0,!! -397.40022999631134 8086.069829745651 447.1441191223335)
(FY081,圓葉-圓葉,,0.0,0.0	,0.20883197420659566	0.0	0.0	w: 0.0	0.0,!! 817.4477704453849 37585.770038796756 407.6642114740504)
(FC404,大菊-粉初鳳,,0.0,0.0	,0.20852825641450082	0.0	0.0	w: 0.0	0.0,!! 97.27952032694441 3053.841964037729 71.26338681223979)
(FK0,甜椒-其他,,0.0,0.0	,-0.20792365084689557	0.0	0.0	w: 0.0	0.0,!! -2368.457308337246 42669.100847788155 3040.953969538567)
(FL221,LA百合-皇家五號單朵,,0.0,0.0	,-0.2069869098910158	0.0	0.0	w: 0.0	0.0,!! -284.45605152148823 11817.102603619058 159.82090530697198)
(FH452,紫羅蘭-重瓣桃紅,,0.0,0.0	,-0.20692329024470976	0.0	0.0	w: 0.0	0.0,!! -164.2777680062443 8707.294509422183 72.38617065556711)
(K0,龍眼-其他,,0.0,0.0	,0.20635126900844836	0.0	0.0	w: 0.0	0.0,!! 1661.0304548450986 61762.48428527612 1049.0982101977106)
(FT729,LO王后粉-多朵,,0.0,0.0	,-0.20624968453171097	0.0	0.0	w: 0.0	0.0,!! -161.83291992255144 7297.669212642738 84.3651300728407)
(SE1,青蔥-日蔥,,0.0,0.0	,-0.20580451173783146	0.0	0.0	w: 0.0	0.0,!! -2383.9360722436077 42677.37075159898 3143.994458612448)
(LI0,萵苣菜-其他,,0.0,0.0	,-0.20578346171920797	0.0	0.0	w: 0.0	0.0,!! -2458.4700911880836 45396.999479674894 3143.994458612449)
(FU413,洋桔梗-蝴蠂櫻紅,,0.0,0.0	,0.20568446831181153	0.0	0.0	w: 0.0	0.0,!! 192.7066800715636 3336.2408504720447 263.1074505723205)
(FC201,大菊-金初鳳,,0.0,0.0	,-0.2051767744790487	0.0	0.0	w: 0.0	0.0,!! -109.75142692187157 3081.7009514522674 92.84819430443542)
(FY083,紐西蘭麻-紐西蘭麻,,0.0,0.0	,0.2045794688433104	0.0	0.0	w: 0.0	0.0,!! 1587.5398037925636 19153.28983805644 3143.9944586124475)
(X0,蘋果-其他,,0.0,0.0	,0.20456004637770395	0.0	0.0	w: 0.0	0.0,!! 1346.0397304942285 21849.67457324274 1981.6600673533435)
(FC316,大菊-黃精競,,0.0,0.0	,-0.20340232992813947	0.0	0.0	w: 0.0	0.0,!! -1443.704940106473 16154.434708339735 3118.5540319735305)
(FS239,香水百合-雷夢娜多朵,,0.0,0.0	,-0.20322309452337728	0.0	0.0	w: 0.0	0.0,!! -1715.7865203710153 125442.41254708308 568.2454734651404)
(Q3,蓮霧-翠玉,,0.0,0.0	,-0.20196906329749315	0.0	0.0	w: 0.0	0.0,!! -1566.146245192771 27065.61370943609 2221.6571849391908)
(FH280,古代稀-古代稀,,0.0,0.0	,0.20106544691546382	0.0	0.0	w: 0.0	0.0,!! 178.46720126305368 2229.1239564061234 353.43350676378753)
(FS459,香水百合-隆巴地亞多朵,,0.0,0.0	,0.20037837424294308	0.0	0.0	w: 0.0	0.0,!! 205.37074053524663 21521.423064461167 48.809510926118634)
(FU464,洋桔梗-舞曲白,,0.0,0.0	,-0.200334188927504	0.0	0.0	w: 0.0	0.0,!! -1684.2356463063018 37304.59867111344 1894.6683191743628)
(FY018,蓮蓬-蓮蓬,,0.0,0.0	,-0.1999622729954557	0.0	0.0	w: 0.0	0.0,!! -1914.0413343049086 35396.71073992784 2588.4726951092616)
(FR602,玫瑰-比浪卡,,0.0,0.0	,-0.19904910691214195	0.0	0.0	w: 0.0	0.0,!! -4081.3018905233166 150005.96921782743 2802.647205750846)
(FD321,小菊-吉祥黃,,0.0,0.0	,0.19761991954671654	0.0	0.0	w: 0.0	0.0,!! 1425.4518499893506 17696.893566802944 2939.9952494553204)
(FD437,雲南菊-雙色粉,,0.0,0.0	,0.19654873698029432	0.0	0.0	w: 0.0	0.0,!! 206.2307287333795 4034.714712958197 272.8685015608739)
(IH600,進口臘梅-進口臘梅,,0.0,0.0	,-0.19617390928187373	0.0	0.0	w: 0.0	0.0,!! -1567.4682310706332 33384.20576077536 1912.3789435239987)
(FC103,大菊-德國紅,,0.0,0.0	,-0.19552418568368002	0.0	0.0	w: 0.0	0.0,!! -116.93730612442971 2282.674960121717 156.697159209157)
(FS431,香水百合-新馬可單朵,,0.0,0.0	,-0.19275084044456747	0.0	0.0	w: 0.0	0.0,!! -521.2850956809917 12742.65824388888 573.9816649323622)
(LK3,芥藍菜-芥藍芽,,0.0,0.0	,0.19262443808428453	0.0	0.0	w: 0.0	0.0,!! 1517.3662506702042 19736.779942087098 3143.9944586124484)
(FS330,香水百合-拉曼恰,,0.0,0.0	,-0.1924721136799287	0.0	0.0	w: 0.0	0.0,!! -824.4161480227249 28134.4508402433 652.1070655567116)
(IH634,進口海芋-粉,,0.0,0.0	,-0.1924378619085939	0.0	0.0	w: 0.0	0.0,!! -150.98019624409957 4851.2661940577445 126.88311134235167)
(FH600,臘梅-臘梅,,0.0,0.0	,0.19232982514183444	0.0	0.0	w: 0.0	0.0,!! 208.3155668109818 35407.53805299565 33.132518210197716)
(FC500,大菊-綠,,0.0,0.0	,-0.19169297485853515	0.0	0.0	w: 0.0	0.0,!! -795.7339478513721 18483.44307114485 932.2674138673905)
(FU574,洋桔梗-舞曲白紫,,0.0,0.0	,-0.19159469404595672	0.0	0.0	w: 0.0	0.0,!! -1475.9962488898846 32793.0424998582 1809.7635637113028)
(FR608,玫瑰-新雪,,0.0,0.0	,0.19065106440506654	0.0	0.0	w: 0.0	0.0,!! 1929.8725708639327 52810.247826841805 1940.2629601733217)
(SG3,大蒜-蒜苔,,0.0,0.0	,-0.19018155731108438	0.0	0.0	w: 0.0	0.0,!! -5893.382545400451 1203317.6660058668 798.0170561670784)
(FL4,豌豆-豆仁,,0.0,0.0	,0.19011007726268658	0.0	0.0	w: 0.0	0.0,!! 814.2142506354094 25911.738200703592 707.8978196946539)
(FO006,腎藥蘭-腎藥蘭,,0.0,0.0	,-0.1887705014450867	0.0	0.0	w: 0.0	0.0,!! -5593.419337992893 279257.4244419873 3143.9944586124484)
(FH054,水仙百合-粉,,0.0,0.0	,-0.18783963455298333	0.0	0.0	w: 0.0	0.0,!! -1328.19892302828 15902.66851448726 3143.9944586124484)
(FO214,虎頭蘭-大輪粉,,0.0,0.0	,0.18740800718147244	0.0	0.0	w: 0.0	0.0,!! 493.3258489505361 16502.460624861047 419.8969823100938)
(FY033,雁來紅-雁來紅,,0.0,0.0	,-0.1873360743745313	0.0	0.0	w: 0.0	0.0,!! -92.8034175776006 3135.32703004366 78.27124869927161)
(FD604,小菊-空心白(長瓣),,0.0,0.0	,0.18586833976278194	0.0	0.0	w: 0.0	0.0,!! 2.664393020461639 1460.063852808149 0.14073881373569633)
(FA605,康乃馨-白帶紫,,0.0,0.0	,-0.1851660287646265	0.0	0.0	w: 0.0	0.0,!! -254.47501344350192 4182.391678323989 451.5885952133194)
(FS222,香水百合-里伯拉雙朵,,0.0,0.0	,-0.18395849519844282	0.0	0.0	w: 0.0	0.0,!! -371.6755588647455 23047.015004638684 177.12245577523407)
(FW174,星辰花-粉仙紫,,0.0,0.0	,0.18392364900485564	0.0	0.0	w: 0.0	0.0,!! 792.9454116670888 18383.014749785834 1011.1013631633708)
(FK420,葵百合-阿提亞,,0.0,0.0	,-0.18369866048438116	0.0	0.0	w: 0.0	0.0,!! -1271.9054371949517 43912.047219255095 1091.7268311410642)
(FO510,石斛蘭-紅,,0.0,0.0	,0.18075095838075864	0.0	0.0	w: 0.0	0.0,!! 336.2530904107117 3169.475048961542 1091.902887332531)
(FS351,香水百合-索邦妮單朵,,0.0,0.0	,-0.1790460674654087	0.0	0.0	w: 0.0	0.0,!! -1448.0016158387862 28661.392522772785 2281.9768415468916)
(FK411,葵百合-阿卡波克紅單朵,,0.0,0.0	,0.17899569112241903	0.0	0.0	w: 0.0	0.0,!! 1329.8527982575235 23309.310762815476 2368.059214075507)
(FS811,百合-皮克單朵,,0.0,0.0	,-0.17890362337450225	0.0	0.0	w: 0.0	0.0,!! -234.04449426983712 4987.827430251462 343.12089490114465)
(LK9,芥藍菜-進口,,0.0,0.0	,0.17799799849931774	0.0	0.0	w: 0.0	0.0,!! 174.35491693544924 6199.748005279435 154.7619250780437)
(FH002,拍賣花朵-拍賣花朵,,0.0,0.0	,-0.17663353158588802	0.0	0.0	w: 0.0	0.0,!! -17.910736508746766 1836.3433833703589 5.599209157127985)
(FD138,小菊-卡洛琳,,0.0,0.0	,-0.17569086055589866	0.0	0.0	w: 0.0	0.0,!! -1323.2035318448945 18139.666478563864 3126.984042379357)
(FB9,花椰菜-進口,,0.0,0.0	,0.1756558986547258	0.0	0.0	w: 0.0	0.0,!! 1037.534280676787 14318.944294897121 2436.511321540062)
(FD452,小菊-辛達粉,,0.0,0.0	,-0.17362699233128556	0.0	0.0	w: 0.0	0.0,!! -149.46283552048433 4072.008134581582 181.9798543184183)
(R0,芒果-其他,,0.0,0.0	,0.1728122375493672	0.0	0.0	w: 0.0	0.0,!! 3605.1031778639153 138421.8466283313 3143.994458612448)
(FO226,虎頭蘭-中輪白,,0.0,0.0	,0.17198866760836065	0.0	0.0	w: 0.0	0.0,!! 144.25286314419787 16814.865777286628 41.83654526534856)
(LZ1,薺菜,,0.0,0.0	,0.17164179912401428	0.0	0.0	w: 0.0	0.0,!! 1430.065910277295 40270.343369888375 1723.7753235968394)
(FG704,劍蘭-黑紫,,0.0,0.0	,0.17092429213385452	0.0	0.0	w: 0.0	0.0,!! 301.71628145974574 28563.290975702625 109.08917793964608)
(FU573,洋桔梗-神奇白紫,,0.0,0.0	,-0.17052454279024143	0.0	0.0	w: 0.0	0.0,!! -115.5652650184183 23448.916508324706 19.586555671175873)
(FD130,小菊-露水小紅,,0.0,0.0	,0.16900273920056696	0.0	0.0	w: 0.0	0.0,!! 83.40580279992423 14963.042795191774 16.277403461563424)
(FD311,小菊-木瓜黃,,0.0,0.0	,0.16843671470936825	0.0	0.0	w: 0.0	0.0,!! 220.04660712544253 2808.539885867484 607.6804058272633)
(SP1,薑-老薑,,0.0,0.0	,0.16725976786278837	0.0	0.0	w: 0.0	0.0,!! 1806.0185477080447 37083.40985079422 3143.9944586124475)
(FT040,鐵砲百合-粉,,0.0,0.0	,-0.1671689079758686	0.0	0.0	w: 0.0	0.0,!! -107.5618863371947 4193.0947845737555 98.73499971546559)
(FA981,美女撫子-紅,,0.0,0.0	,-0.1662669215115312	0.0	0.0	w: 0.0	0.0,!! -179.7588961892056 3067.924666044417 380.99947970863684)
(IH054,進口水仙百合-粉,,0.0,0.0	,-0.1660499078484256	0.0	0.0	w: 0.0	0.0,!! -132.27105529191203 6720.17689389889 94.42166493236213)
(FN9,敏豆-進口,,0.0,0.0	,-0.16494544728962995	0.0	0.0	w: 0.0	0.0,!! -258.3036655843798 25320.13728495764 96.85329864724247)
(FS532,香水百合-賈絲廷娜雙朵,,0.0,0.0	,-0.1633409848454397	0.0	0.0	w: 0.0	0.0,!! -943.6320818270227 34810.50414326091 958.7486001316984)
(IH500,進口風信子-進口風信子,,0.0,0.0	,-0.1633241310737895	0.0	0.0	w: 0.0	0.0,!! -451.9377436813262 30466.448998509564 251.32441207075965)
(FD712,小菊-紫雲南菊,,0.0,0.0	,-0.16011174684798518	0.0	0.0	w: 0.0	0.0,!! -519.0609215542116 14956.441195734269 702.6871433158816)
(FP1,萊豆-豆莢,,0.0,0.0	,0.1592067668046155	0.0	0.0	w: 0.0	0.0,!! 1096.827182498322 15096.3373627605 3143.9944586124484)
(FS471,水晶香水-單朵,,0.0,0.0	,-0.1588949605344854	0.0	0.0	w: 0.0	0.0,!! -1444.2704017294718 41024.911526783275 2013.8592869162983)
(LG4,芹菜-山芹菜,,0.0,0.0	,0.15869113771586676	0.0	0.0	w: 0.0	0.0,!! 1733.900945760779 37971.822975096315 3143.9944586124484)
(FG417,劍蘭-法都,,0.0,0.0	,-0.15739388612388977	0.0	0.0	w: 0.0	0.0,!! -8.063786278542734 233.87543046982358 11.223225806451602)
(FC100,大菊-紅,,0.0,0.0	,0.15592505692199882	0.0	0.0	w: 0.0	0.0,!! 549.4349874381206 11310.962839174486 1097.744385771657)
(MK0,鴻禧菇-其他,,0.0,0.0	,-0.15517682294523846	0.0	0.0	w: 0.0	0.0,!! -4624.715199985817 293808.71795251034 3023.0936157404394)
(FD900,小菊-迷你翠菊,,0.0,0.0	,-0.1538159616349254	0.0	0.0	w: 0.0	0.0,!! -44.376280458464095 4199.912628557234 19.817950052029158)
(FZ2,落花生-熟落花生,,0.0,0.0	,0.15366091046419714	0.0	0.0	w: 0.0	0.0,!! 1198.6080420505587 19352.888674184473 3143.994458612448)
(FO570,石斛蘭-紫,,0.0,0.0	,-0.15271825536816494	0.0	0.0	w: 0.0	0.0,!! -808.4928445667364 20271.394373015093 1382.5690488829996)
(IH446,進口小蒼蘭-白色,,0.0,0.0	,-0.15194837655035973	0.0	0.0	w: 0.0	0.0,!! -481.1375550724357 23708.545829362705 422.90368366285117)
(FO332,小文心蘭-小文心蘭,,0.0,0.0	,0.15191808487363195	0.0	0.0	w: 0.0	0.0,!! 21.396119385072808 4489.706948877481 4.41807492195628)
(FD135,小菊-紅玫,,0.0,0.0	,-0.15150514120152142	0.0	0.0	w: 0.0	0.0,!! -22.314430517986985 6129.080467007508 3.539334027055154)
(SH2,竹筍-綠竹筍,,0.0,0.0	,-0.15112115630357884	0.0	0.0	w: 0.0	0.0,!! -3343.0734931609677 155653.73290131276 3143.994458612448)
(119,椰子-進口,,0.0,0.0	,0.1510579915479655	0.0	0.0	w: 0.0	0.0,!! 520.8319254767054 10647.292848546082 1116.525338189386)
(FR603,玫瑰-草屯白,,0.0,0.0	,-0.1498651031742434	0.0	0.0	w: 0.0	0.0,!! -649.9962159480556 116396.81105366365 161.61420887259354)
(FS041,香水百合-粉單朵,,0.0,0.0	,-0.14863936838395375	0.0	0.0	w: 0.0	0.0,!! -2156.034714738683 74220.22428021846 2834.79418806094)
(FH661,伯利恆之星-伯利恆之星,,0.0,0.0	,0.14830769624042558	0.0	0.0	w: 0.0	0.0,!! 1169.33117930491 19772.696965604227 3143.9944586124484)
(FS132,香水百合-瑪度沙雙朵,,0.0,0.0	,-0.14775689113179225	0.0	0.0	w: 0.0	0.0,!! -1152.21295862751 33986.6939151157 1789.2091100172347)
(MD0,濕香菇-其他,,0.0,0.0	,0.1470345891763085	0.0	0.0	w: 0.0	0.0,!! 874.6559516518506 194614.07549045433 181.8281997918833)
(42,楊梅,,0.0,0.0	,0.14657677075151507	0.0	0.0	w: 0.0	0.0,!! 675.4091107615674 18723.899360853113 1133.9847970863684)
(MK2,鴻禧菇-盒裝,,0.0,0.0	,0.14590013614215722	0.0	0.0	w: 0.0	0.0,!! 1916.674062548696 54891.280915829055 3143.994458612448)
(Y3,桃子-甜桃,,0.0,0.0	,0.14565275011087053	0.0	0.0	w: 0.0	0.0,!! 1378.0913609367244 58582.82278822404 1528.0879396462017)
(FT5,南瓜-青如意,,0.0,0.0	,0.14543005766956402	0.0	0.0	w: 0.0	0.0,!! 1787.9182455971718 48073.43867033347 3143.9944586124484)
(FY006,武竹-武竹(天門冬),,0.0,0.0	,-0.14363767358799773	0.0	0.0	w: 0.0	0.0,!! -169.10735644459305 21282.732674003935 65.12697190426637)
(FW566,滿天星-雪后,,0.0,0.0	,0.143282737223017	0.0	0.0	w: 0.0	0.0,!! 832.5166841898139 15030.257464079685 2246.113678175403)
(FC613,大菊-白天星,,0.0,0.0	,-0.14328229123905598	0.0	0.0	w: 0.0	0.0,!! -1097.0301466713456 18855.98745882804 3108.871763503187)
(FH158,紅薑花-紅,,0.0,0.0	,-0.14145117378792135	0.0	0.0	w: 0.0	0.0,!! -530.8979067166891 4480.506819594526 3143.994458612449)
(FS450,香水百合-隆巴地亞,,0.0,0.0	,-0.14107058374442	0.0	0.0	w: 0.0	0.0,!! -90.16903790221453 4174.275316031721 97.87253902185219)
(FH457,紫羅蘭-重瓣淺紫,,0.0,0.0	,-0.13946354515630982	0.0	0.0	w: 0.0	0.0,!! -335.82532804910386 44263.42090910425 130.99674919517435)
(FY054,孔雀竹竽-孔雀竹竽,,0.0,0.0	,0.13816518432846622	0.0	0.0	w: 0.0	0.0,!! 942.4287149596682 79601.99322528325 584.488319174363)
(G2,黃金果,,0.0,0.0	,-0.1378038854875055	0.0	0.0	w: 0.0	0.0,!! -1474.5070079090892 43514.529395317375 2631.0946097814776)
(FH617,鬱金香-紫色,,0.0,0.0	,-0.13665323731616058	0.0	0.0	w: 0.0	0.0,!! -109.48333611195744 19268.70512173074 33.312226847034324)
(S1,葡萄-巨峰,,0.0,0.0	,0.13643614019973427	0.0	0.0	w: 0.0	0.0,!! 1024.4221852644023 17931.529254334786 3143.994458612448)
(FD609,小菊-雞眼小白,,0.0,0.0	,-0.13641334332763255	0.0	0.0	w: 0.0	0.0,!! -192.49806862909625 12533.002860223844 158.88536940686774)
(FO213,虎頭蘭-大輪黃,,0.0,0.0	,0.13582972408521615	0.0	0.0	w: 0.0	0.0,!! 390.8785694279817 12880.323545617433 642.9353590010408)
(FS453,香水百合-隆巴地亞三朵,,0.0,0.0	,-0.13174701301669356	0.0	0.0	w: 0.0	0.0,!! -113.3296671040502 7283.851313985726 101.5885119667013)
(FH334,雞冠花-綠,,0.0,0.0	,-0.13167313244916126	0.0	0.0	w: 0.0	0.0,!! -734.0520967303324 9885.022458774483 3143.9944586124475)
(FG107,劍蘭-黑骨,,0.0,0.0	,-0.13099206316832718	0.0	0.0	w: 0.0	0.0,!! -518.454656932079 23925.349630200562 654.7466750536549)
(FH339,雞冠花-粉,,0.0,0.0	,0.12940559909703783	0.0	0.0	w: 0.0	0.0,!! 1169.1821026214127 28562.98506033998 2857.9497551785257)
(FD431,小菊-桃紅雲南菊,,0.0,0.0	,0.1288607852905151	0.0	0.0	w: 0.0	0.0,!! 291.4094309858607 6451.178126761407 792.7324294761316)
(FD105,小菊-紅初朝,,0.0,0.0	,0.1288344976813257	0.0	0.0	w: 0.0	0.0,!! 71.52187183420496 5657.539244847879 54.47356919875132)
(FC000,大菊-大菊,,0.0,0.0	,-0.1272236405894966	0.0	0.0	w: 0.0	0.0,!! -1465.0238487168413 44189.514403852576 3000.7825231285765)
(FG000,劍蘭-劍蘭,,0.0,0.0	,-0.12603945202887118	0.0	0.0	w: 0.0	0.0,!! -1393.52796064373 54158.70815378427 2257.0961755739468)
(SQ2,茭白筍,,0.0,0.0	,-0.12472328027580352	0.0	0.0	w: 0.0	0.0,!! -350.0185658639021 11434.891711976825 688.7396045785641)
(FA882,康乃馨-多朵紅帶粉,,0.0,0.0	,0.12471959503709594	0.0	0.0	w: 0.0	0.0,!! 185.28122645485607 5881.2713753725475 375.25132154006235)
(H69,西施柚-進口,,0.0,0.0	,0.12439678583956355	0.0	0.0	w: 0.0	0.0,!! 77.11915462334147 2576.1893879745376 149.18611862643098)
(FT469,鐵砲百合-白天使多朵,,0.0,0.0	,-0.12179143447043081	0.0	0.0	w: 0.0	0.0,!! -110.6811193022621 4806.825062622984 171.81270551508837)
(FT463,鐵砲百合-白天使三朵,,0.0,0.0	,-0.11829597088953596	0.0	0.0	w: 0.0	0.0,!! -410.7011021699193 24787.51566948694 486.27151376333245)
(811,火龍果-白肉,,0.0,0.0	,-0.11815673859636282	0.0	0.0	w: 0.0	0.0,!! -2477.298545186173 141738.7705962897 3101.351877967287)
(FH611,鬱金香-紅色,,0.0,0.0	,-0.11723350467601626	0.0	0.0	w: 0.0	0.0,!! -92.2918278765338 18600.3213251262 33.31981269510924)
(FA300,康乃馨-黃,,0.0,0.0	,-0.11601670825506276	0.0	0.0	w: 0.0	0.0,!! -78.61890431278174 3885.3259607225004 118.19127991675346)
(FG200,劍蘭-橙,,0.0,0.0	,-0.11594524740688038	0.0	0.0	w: 0.0	0.0,!! -84.72586954374268 6567.935734176053 81.30125910509881)
(FW567,滿天星-牽牛星,,0.0,0.0	,-0.11523942879431323	0.0	0.0	w: 0.0	0.0,!! -748.0260638688928 13401.379174107467 3143.9944586124475)
(FR112,玫瑰-紅衣武士,,0.0,0.0	,-0.11516812493981292	0.0	0.0	w: 0.0	0.0,!! -2809.102305974998 189229.45927654495 3143.994458612449)
(FU544,洋桔梗-鑽石白粉,,0.0,0.0	,-0.11473073887030083	0.0	0.0	w: 0.0	0.0,!! -531.1875447112927 23164.546377799958 925.3635428996485)
(FU474,洋桔梗-國王紫,,0.0,0.0	,-0.1144806630053381	0.0	0.0	w: 0.0	0.0,!! -131.13716634001912 17734.874805255102 73.98764279559046)
(C3,虎頭柑,,0.0,0.0	,0.11382827915267549	0.0	0.0	w: 0.0	0.0,!! 125.73465819371859 30763.969737349194 39.661331945889664)
(FC117,大菊-紅秀鳳,,0.0,0.0	,-0.11379685513616095	0.0	0.0	w: 0.0	0.0,!! -186.33654734909075 7742.423856962944 346.30489073881387)
(IY001,進口尤加利葉-進口尤加利葉,,0.0,0.0	,0.11344282569610692	0.0	0.0	w: 0.0	0.0,!! 157.61124707396408 14281.464944125482 135.15981269510934)
(FY003,唐棉-唐棉,,0.0,0.0	,0.1109298783756563	0.0	0.0	w: 0.0	0.0,!! 652.233116617885 10995.800365806384 3143.994458612449)
(51,百香果-改良種,,0.0,0.0	,0.11092620916385305	0.0	0.0	w: 0.0	0.0,!! 1526.5722902083826 60239.954480854816 3143.994458612448)
(FY991,青竹-青竹,,0.0,0.0	,-0.10902127764721532	0.0	0.0	w: 0.0	0.0,!! -694.9235041002646 12923.18898016889 3143.994458612448)
(FD206,小菊-雙色金紅,,0.0,0.0	,-0.10847768565605037	0.0	0.0	w: 0.0	0.0,!! -72.26407211835922 4615.342056460604 96.15240374609786)
(FC501,大菊-綠絲菊,,0.0,0.0	,0.1077809169119208	0.0	0.0	w: 0.0	0.0,!! 296.38111039477434 27407.45217661468 275.8980486228536)
(J0,荔枝-其他,,0.0,0.0	,0.10774049732628806	0.0	0.0	w: 0.0	0.0,!! 984.5578433991776 44116.292288061675 1892.8906035379812)
(FY043,茶花-茶花,,0.0,0.0	,0.10758468749189484	0.0	0.0	w: 0.0	0.0,!! 143.71730811183102 5769.133607097127 309.31902026697463)
(FY067,黃金葛葉-黃金葛葉,,0.0,0.0	,0.10736652883129978	0.0	0.0	w: 0.0	0.0,!! 384.3392679541759 50611.140149529405 253.189429996423)
(FH443,小蒼蘭-黃色,,0.0,0.0	,0.10577329239443897	0.0	0.0	w: 0.0	0.0,!! 259.3286071243307 16271.024995044643 369.4314776274712)
(FD308,小菊-黃丁字菊,,0.0,0.0	,0.10553015029671513	0.0	0.0	w: 0.0	0.0,!! 894.9259668521506 23027.06957946781 3123.0751349912207)
(FS232,香水百合-雷夢娜雙朵,,0.0,0.0	,-0.10374597644535043	0.0	0.0	w: 0.0	0.0,!! -361.18473022910393 16683.238122883362 726.5004523689513)
(FG106,劍蘭-馬得利,,0.0,0.0	,0.1033796574554366	0.0	0.0	w: 0.0	0.0,!! 37.3889815515292 9775.257774635656 13.381009365244534)
(FS212,香水百合-寶貝粉雙朵,,0.0,0.0	,0.10161119619192252	0.0	0.0	w: 0.0	0.0,!! 558.1902371965632 22138.868413057207 1363.09437536583)
(FY237,葉牡丹-紫,,0.0,0.0	,0.10113312205981358	0.0	0.0	w: 0.0	0.0,!! 495.83758620881247 34947.89712782624 687.8140007560486)
(FL1,豌豆-白花,,0.0,0.0	,-0.10069964153506095	0.0	0.0	w: 0.0	0.0,!! -641.0771197540187 12890.890905897542 3143.994458612448)
(FL229,LA百合-皇家五號多朵,,0.0,0.0	,-0.0993528954503796	0.0	0.0	w: 0.0	0.0,!! -735.0320380142646 22758.698232392653 2404.938995553134)
(S5,葡萄-蜜紅,,0.0,0.0	,-0.09910761431035271	0.0	0.0	w: 0.0	0.0,!! -47.35906953877711 1308.1819522926041 174.5517169614983)
(SZ2,甘蔗筍,,0.0,0.0	,-0.098994945000761	0.0	0.0	w: 0.0	0.0,!! -2429.580042318287 603988.3838227255 997.258620943353)
(FO201,虎頭蘭-大輪,,0.0,0.0	,-0.09883131094615649	0.0	0.0	w: 0.0	0.0,!! -784.7858168020895 47888.81890914053 1316.676404502146)
(FH113,小天堂鳥-黃,,0.0,0.0	,-0.09880746752778433	0.0	0.0	w: 0.0	0.0,!! -67.68387050607002 17113.462540969183 27.419084287200782)
(FH310,大理花-混色,,0.0,0.0	,0.09838695764340416	0.0	0.0	w: 0.0	0.0,!! 567.8823698526197 24566.21781832223 1356.1365189662463)
(FK450,柯柏拉-柯柏拉,,0.0,0.0	,-0.09771681890137845	0.0	0.0	w: 0.0	0.0,!! -194.9642880803038 9659.843921380243 412.0988345473469)
(FC001,大菊-混合色,,0.0,0.0	,0.09659814412442504	0.0	0.0	w: 0.0	0.0,!! 922.1278451519452 28984.307970715563 3143.994458612448)
(Z4,柿子-甜柿,,0.0,0.0	,-0.0961645244906988	0.0	0.0	w: 0.0	0.0,!! -382.86536961365056 8948.595801296713 1771.3627312451224)
(FA501,康乃馨-蘋果綠,,0.0,0.0	,0.09594786866661274	0.0	0.0	w: 0.0	0.0,!! 115.40020549220222 6544.493250601427 221.03776274713834)
(FS461,香水百合-白單朵,,0.0,0.0	,0.09579841342465906	0.0	0.0	w: 0.0	0.0,!! 442.3275247359665 13398.164197698221 1591.2045106415842)
(FD112,小菊-紅雲南菊,,0.0,0.0	,0.09517387770545081	0.0	0.0	w: 0.0	0.0,!! 271.1405258759794 10075.213676315709 805.5621901421044)
(IH660,進口天鵝絨-進口天鵝絨,,0.0,0.0	,-0.09480163468636098	0.0	0.0	w: 0.0	0.0,!! -175.02520218179492 16429.56177340345 207.4643808532779)
(FY095,卓我-卓我,,0.0,0.0	,0.09432909071672903	0.0	0.0	w: 0.0	0.0,!! 303.0215171736743 44312.714793669635 232.87736732570238)
(MX1,其他菇類-其他菇類,,0.0,0.0	,0.09227008980968493	0.0	0.0	w: 0.0	0.0,!! 317.13823696810226 3757.4529963687855 3143.994458612448)
(FG102,劍蘭-１３號,,0.0,0.0	,0.09219608455491268	0.0	0.0	w: 0.0	0.0,!! 147.4917120395469 25051.915615252798 102.15728407908436)
(FH458,紫羅蘭-重瓣深紫,,0.0,0.0	,0.09153987288623036	0.0	0.0	w: 0.0	0.0,!! 385.56359955973437 61623.30635173155 287.889911265934)
(FV1,辣椒-紅小,,0.0,0.0	,0.090346320899342	0.0	0.0	w: 0.0	0.0,!! 1127.1558920980412 49506.845614481645 3143.994458612448)
(FD324,小菊-法國小菊黃,,0.0,0.0	,0.0903339855014321	0.0	0.0	w: 0.0	0.0,!! 311.09019517135073 9455.903700657349 1254.201347270096)
(FT041,鐵砲百合-粉單朵,,0.0,0.0	,-0.09020133293473256	0.0	0.0	w: 0.0	0.0,!! -156.88606516372667 4317.215734198662 700.7112328059962)
(FS061,香水百合-白單朵,,0.0,0.0	,0.08995756177692363	0.0	0.0	w: 0.0	0.0,!! 538.8146640605311 21167.4210224178 1694.8665709953823)
(IA200,進口康乃馨-橙,,0.0,0.0	,-0.08990020877365514	0.0	0.0	w: 0.0	0.0,!! -372.86586390591015 7309.656710716685 2353.3518779672877)
(FH295,向日葵-金色陽光,,0.0,0.0	,-0.0898809353555976	0.0	0.0	w: 0.0	0.0,!! -63.66966418936955 4006.924393481609 125.23300569881638)
(O99,西洋梨-西洋梨進口,,0.0,0.0	,-0.0896589104581997	0.0	0.0	w: 0.0	0.0,!! -573.6663054252679 17443.98425600291 2346.854063191012)
(FT460,鐵砲百合-白天使,,0.0,0.0	,0.08821717708692087	0.0	0.0	w: 0.0	0.0,!! 221.43297427470554 13075.876350620281 481.84512458539274)
(MC2,濕木耳(盒)-盒裝,,0.0,0.0	,0.08758511458152778	0.0	0.0	w: 0.0	0.0,!! 1176.7325190722463 68837.04606607104 2622.2414630349235)
(FL3,豌豆-豆莢,,0.0,0.0	,0.0868095094925498	0.0	0.0	w: 0.0	0.0,!! 439.0655908688052 34694.5925704583 737.3308581962148)
(FH637,海芋-紫,,0.0,0.0	,-0.08680028699854779	0.0	0.0	w: 0.0	0.0,!! -168.32803518977943 18768.937701438677 200.3691672492846)
(X39,蘋果-惠(進口),,0.0,0.0	,-0.08578939873579057	0.0	0.0	w: 0.0	0.0,!! -3251.809971815929 990432.3372715365 1450.635353513593)
(Q0,蓮霧-其他,,0.0,0.0	,0.0841896439493229	0.0	0.0	w: 0.0	0.0,!! 822.5101616424544 34688.07432009766 2751.598142275299)
(Q2,蓮霧-子彈型,,0.0,0.0	,-0.08309745377272022	0.0	0.0	w: 0.0	0.0,!! -815.6719578492949 30654.284317185127 3143.145239049493)
(FO215,虎頭蘭-大輪綠,,0.0,0.0	,0.08290161991250589	0.0	0.0	w: 0.0	0.0,!! 423.86617588309264 27892.988538630085 937.2089802289282)
(FG108,劍蘭-櫻紅,,0.0,0.0	,0.08122319618614943	0.0	0.0	w: 0.0	0.0,!! 102.7216918042379 20943.728066728247 76.367783558793)
(SG9,大蒜-進口,,0.0,0.0	,-0.08025445770847803	0.0	0.0	w: 0.0	0.0,!! -635.2997103834634 62111.4602231544 1008.897965376236)
(FR9,青花苔-進口,,0.0,0.0	,0.07897010926650981	0.0	0.0	w: 0.0	0.0,!! 630.4153027744301 20389.379627851715 3125.532387852823)
(FH314,大理花-粉色,,0.0,0.0	,0.07871443665827521	0.0	0.0	w: 0.0	0.0,!! 194.59253955804104 11580.481585574811 527.7363004438735)
(FS751,香水百合-賽拉諾單朵,,0.0,0.0	,0.07854415001725266	0.0	0.0	w: 0.0	0.0,!! 397.3876370217947 31352.457499925717 816.4496878251821)
(MF2,蠔菇(盒)-盒裝,,0.0,0.0	,-0.07672782147713592	0.0	0.0	w: 0.0	0.0,!! -405.7879180835749 22653.969571774454 1234.6622694865378)
(FD113,小菊-日本小紅,,0.0,0.0	,0.07661156354395268	0.0	0.0	w: 0.0	0.0,!! 551.9301040736699 23928.77320020085 2168.9976427955903)
(J3,荔枝-糯米,,0.0,0.0	,-0.07584389431514117	0.0	0.0	w: 0.0	0.0,!! -1144.3066611207655 170171.8157798802 1337.6915088449534)
(FS332,香水百合-拉曼恰雙朵,,0.0,0.0	,0.07569474020174347	0.0	0.0	w: 0.0	0.0,!! 408.36816798617986 24279.3796124436 1198.7669823100937)
(FR106,玫瑰-波霸,,0.0,0.0	,0.07542680113939257	0.0	0.0	w: 0.0	0.0,!! 304.98914108130634 25003.394549336757 653.9106347554631)
(IH420,進口孤挺花-進口孤挺花,,0.0,0.0	,0.07446143385808533	0.0	0.0	w: 0.0	0.0,!! 375.93972966089694 8107.59204419821 3143.9944586124484)
(SG5,大蒜-蒜頭,,0.0,0.0	,0.07413256823676263	0.0	0.0	w: 0.0	0.0,!! 645.9083681746611 24145.81997819398 3143.9944586124484)
(FD309,小菊-日本黃,,0.0,0.0	,0.07388863190596032	0.0	0.0	w: 0.0	0.0,!! 485.9483821730626 20506.145320233183 2109.3128561150493)
(FR114,玫瑰-荷蘭紅,,0.0,0.0	,-0.07277587885845181	0.0	0.0	w: 0.0	0.0,!! -1496.4789825399635 216942.55207414756 1949.0437197987121)
(FS441,香水百合-馬可波羅粉單朵,,0.0,0.0	,-0.07242408658704125	0.0	0.0	w: 0.0	0.0,!! -562.2943731441732 19172.539890878437 3143.994458612449)
(FS560,馬利歐-馬利歐,,0.0,0.0	,-0.07236799501941366	0.0	0.0	w: 0.0	0.0,!! -159.07658303251415 12551.142152878958 384.97823592774455)
(FS361,香水百合-辛普隆單朵,,0.0,0.0	,0.07193470955577061	0.0	0.0	w: 0.0	0.0,!! 133.03091340501032 4083.5384879244293 837.5128977383584)
(FC115,大菊-新粉紅,,0.0,0.0	,-0.07187230708341029	0.0	0.0	w: 0.0	0.0,!! -417.0759758726497 13536.758565626153 2487.6684284355497)
(FD504,小菊-貝雷錄,,0.0,0.0	,0.07151222673055846	0.0	0.0	w: 0.0	0.0,!! 183.3959050596797 9896.893088782906 664.5379500520291)
(FC200,大菊-金,,0.0,0.0	,-0.07101679626272521	0.0	0.0	w: 0.0	0.0,!! -275.5557760996414 23407.740945810947 643.1871849391907)
(FH495,陸蓮花-陸蓮花,,0.0,0.0	,-0.07036664643791447	0.0	0.0	w: 0.0	0.0,!! -388.88263420373676 57144.670707688085 534.4753222961108)
(FT043,鐵砲百合-粉三朵,,0.0,0.0	,-0.06925721652568467	0.0	0.0	w: 0.0	0.0,!! -141.926863890958 46480.609724222544 90.34982801931575)
(IA600,進口康乃馨-白,,0.0,0.0	,-0.06925297850047428	0.0	0.0	w: 0.0	0.0,!! -291.0731079718822 8611.34100526226 2051.4288810890353)
(R1,芒果-愛文,,0.0,0.0	,-0.06755299457858957	0.0	0.0	w: 0.0	0.0,!! -685.2372836364638 33873.07859629787 3037.652486992716)
(FG114,劍蘭-新２２３號,,0.0,0.0	,-0.06689607388413409	0.0	0.0	w: 0.0	0.0,!! -71.73101658380946 26740.79682742526 42.99702104741152)
(FH618,鬱金香-雙色,,0.0,0.0	,0.06688135267038903	0.0	0.0	w: 0.0	0.0,!! 26.2988802907357 6725.665713303002 22.989479708636832)
(FD121,小菊-紅美人,,0.0,0.0	,0.06568768634516879	0.0	0.0	w: 0.0	0.0,!! 64.94640416520876 7610.720841361218 128.44479159892046)
(FT662,鐵砲百合-雷山一號雙朵,,0.0,0.0	,0.06536231964928373	0.0	0.0	w: 0.0	0.0,!! 604.9477052676065 27245.763492553026 3143.994458612448)
(FS621,香水百合-耶蘿琳單朵,,0.0,0.0	,0.06489711241110534	0.0	0.0	w: 0.0	0.0,!! 493.38754089303995 32148.733387498847 1797.8843129308664)
(FW560,滿天星-白,,0.0,0.0	,-0.06447333209376387	0.0	0.0	w: 0.0	0.0,!! -475.9819038386134 32925.4728957023 1655.3454159485561)
(FG415,劍蘭-夏日玫瑰,,0.0,0.0	,0.06295059509053788	0.0	0.0	w: 0.0	0.0,!! 343.98666882152514 34572.73016726017 863.6740423793572)
(S4,葡萄-無子,,0.0,0.0	,0.06291307383611693	0.0	0.0	w: 0.0	0.0,!! 66.18643586538168 3860.6936625307685 286.67567117585855)
(FS410,香水百合-法藍西,,0.0,0.0	,0.06177212787839782	0.0	0.0	w: 0.0	0.0,!! 5.284745880023131 6454.751554739252 1.1339229968782545)
(FH446,小蒼蘭-白色,,0.0,0.0	,0.06150397587017611	0.0	0.0	w: 0.0	0.0,!! 159.53457042247427 27735.76895653243 242.5844849115503)
(FD453,小菊-棒棒糖-粉,,0.0,0.0	,-0.0612829483095287	0.0	0.0	w: 0.0	0.0,!! -226.14115421631016 10189.993998124974 1336.3061859797738)
(FG403,劍蘭-馬粉,,0.0,0.0	,-0.060971663274251735	0.0	0.0	w: 0.0	0.0,!! -52.928355517258076 4743.6705758863245 158.85694068678453)
(LI6,萵苣菜-蘿美,,0.0,0.0	,-0.06094167683935756	0.0	0.0	w: 0.0	0.0,!! -553.1604240357697 26205.450499593786 3143.9944586124484)
(FH125,翠珠花-翠珠花,,0.0,0.0	,0.059002469648789115	0.0	0.0	w: 0.0	0.0,!! 300.08885965057016 19251.88453861412 1343.649880048452)
(FC301,大菊-黃秀鳳,,0.0,0.0	,0.05754562001054825	0.0	0.0	w: 0.0	0.0,!! 292.96310868594406 18709.102452239134 1385.3144690182753)
(LZ2,藤川七-川七葉,,0.0,0.0	,0.056991304936017416	0.0	0.0	w: 0.0	0.0,!! 458.90829044448697 20623.04706166229 3143.994458612448)
(FR426,玫瑰-彩衣,,0.0,0.0	,-0.05597087106837898	0.0	0.0	w: 0.0	0.0,!! -48.699624866254396 5005.944267465684 151.23109261186266)
(FC101,大菊-陽炎,,0.0,0.0	,0.05535156423808566	0.0	0.0	w: 0.0	0.0,!! 3.681479139132042 1658.4229031360599 2.667408949011435)
(IY084,進口火龍果-進口火龍果,,0.0,0.0	,-0.054519720766883197	0.0	0.0	w: 0.0	0.0,!! -21.967649934075105 858.9289458588812 189.01780437044738)
(IA104,進口康乃馨-櫻紅,,0.0,0.0	,-0.05437557363080203	0.0	0.0	w: 0.0	0.0,!! -260.83685638753724 7318.944263956507 3143.9944586124475)
(IA606,進口康乃馨-黃帶紅,,0.0,0.0	,0.05384878245259546	0.0	0.0	w: 0.0	0.0,!! 391.53671239268857 22180.77944438114 2383.506826222685)
(FH225,帝王花-帝王花,,0.0,0.0	,0.05350252767485202	0.0	0.0	w: 0.0	0.0,!! 113.02622170851787 6376.97374727804 699.8342455775233)
(FH626,白鶴芋-白鶴芋,,0.0,0.0	,0.05322376057234313	0.0	0.0	w: 0.0	0.0,!! 12.64920661647676 12840.378694293284 4.398834547346498)
(FO331,大文心蘭-大文心蘭,,0.0,0.0	,0.05217084753158553	0.0	0.0	w: 0.0	0.0,!! 552.3968691707473 35658.647022615674 3143.994458612449)
(FR108,玫瑰-佳娜紅,,0.0,0.0	,-0.049586700693709455	0.0	0.0	w: 0.0	0.0,!! -1046.282494308548 141607.32542715708 3143.994458612448)
(FO540,石斛蘭-粉,,0.0,0.0	,-0.04934357732627096	0.0	0.0	w: 0.0	0.0,!! -46.155659398234945 5771.136982479631 151.60979940329094)
(FL223,LA百合-皇家五號三朵,,0.0,0.0	,0.047668359566885914	0.0	0.0	w: 0.0	0.0,!! 397.959781216121 25542.850494865364 2728.654770787266)
(FS531,香水百合-賈絲廷娜單朵,,0.0,0.0	,-0.04765690113197462	0.0	0.0	w: 0.0	0.0,!! -103.47934701112447 15194.883288574587 310.2832931597943)
(30,釋迦-其他,,0.0,0.0	,-0.04704948131652186	0.0	0.0	w: 0.0	0.0,!! -37.00279344696315 19110.0156109825 32.36669094693033)
(FG120,劍蘭-黑骨紅,,0.0,0.0	,-0.046687652428934516	0.0	0.0	w: 0.0	0.0,!! -329.8418849515029 79126.1684991892 630.7937718278484)
(FH610,鬱金香-混色,,0.0,0.0	,0.04659014308198843	0.0	0.0	w: 0.0	0.0,!! 23.61479180980954 9673.452872945998 26.55819979188346)
(FW568,滿天星-銀河,,0.0,0.0	,0.046149810650946844	0.0	0.0	w: 0.0	0.0,!! 143.00486577888276 5415.512668512259 1773.0549947970867)
(FY236,葉牡丹-白,,0.0,0.0	,0.0449423150397118	0.0	0.0	w: 0.0	0.0,!! 205.50388994968586 26369.34784795442 792.9208269787334)
(FA701,康乃馨-紫帶白,,0.0,0.0	,-0.04476305415878425	0.0	0.0	w: 0.0	0.0,!! -159.2374848723355 14237.31145859669 888.8392244813341)
(FO203,虎頭蘭-黃金小神童,,0.0,0.0	,0.04469037435276502	0.0	0.0	w: 0.0	0.0,!! 38.332217071117164 9423.75760455449 78.06849115504681)
(FC509,大菊-奇濃綠乒乓,,0.0,0.0	,-0.04407374893526653	0.0	0.0	w: 0.0	0.0,!! -116.83434620903057 15977.480578656201 439.8177780713449)
(SR4,菱角-熟菱角,,0.0,0.0	,-0.04380379030459673	0.0	0.0	w: 0.0	0.0,!! -155.2717894813229 10465.259563379987 1200.637018445955)
(FS001,香水百合-單朵,,0.0,0.0	,0.04364572188208672	0.0	0.0	w: 0.0	0.0,!! 582.7604387279182 56998.425004661025 3127.7634908705127)
(IA001,進口康乃馨-混合色,,0.0,0.0	,-0.0429595577554565	0.0	0.0	w: 0.0	0.0,!! -368.9082448012931 24203.091094877575 3046.816394096319)
(FT3,南瓜-黃如意,,0.0,0.0	,0.04287764569701845	0.0	0.0	w: 0.0	0.0,!! 755.3153725679668 98699.05919654245 3143.994458612448)
(FR601,玫瑰-青殼白,,0.0,0.0	,0.04175559842682206	0.0	0.0	w: 0.0	0.0,!! 30.809178386002124 6485.483446488506 83.94376690946926)
(FD304,小菊-聖誕球,,0.0,0.0	,-0.041651559026407714	0.0	0.0	w: 0.0	0.0,!! -50.670551317036384 5422.886460299603 272.90922996878237)
(FH320,薊花(紅花)-薊花(紅花),,0.0,0.0	,-0.04045702088064768	0.0	0.0	w: 0.0	0.0,!! -217.40240431587517 27426.277152812814 1052.8682414151929)
(FH051,水仙百合-紅,,0.0,0.0	,-0.040374286274290655	0.0	0.0	w: 0.0	0.0,!! -54.58743575968573 11661.165112892286 156.75944849115496)
(FR116,玫瑰-翡翠紅,,0.0,0.0	,-0.03913291990607373	0.0	0.0	w: 0.0	0.0,!! -224.38571541765904 31068.64581528104 1058.23855359001)
(32,釋迦-鳳梨釋迦,,0.0,0.0	,0.037584417759284415	0.0	0.0	w: 0.0	0.0,!! 296.2936246767465 31380.301092021647 1980.48635247301)
(FT462,鐵砲百合-白天使雙朵,,0.0,0.0	,0.03719129277720162	0.0	0.0	w: 0.0	0.0,!! 42.8019631099076 6653.59403120362 199.06207567800465)
(FH498,陸蓮花-黃,,0.0,0.0	,-0.03636084886387783	0.0	0.0	w: 0.0	0.0,!! -85.35554298623481 42363.35268177944 130.07837669094698)
(FD102,小菊-紅花娘,,0.0,0.0	,-0.035919712639117016	0.0	0.0	w: 0.0	0.0,!! -41.83527313332405 1620.2659355662565 837.2076899063472)
(FU512,洋桔梗-雙瓣白紅邊,,0.0,0.0	,-0.03509329088092503	0.0	0.0	w: 0.0	0.0,!! -62.12034488604 11929.5439791462 262.66105330547623)
(FH395,虎尾花-虎尾花,,0.0,0.0	,-0.03478791465278459	0.0	0.0	w: 0.0	0.0,!! -78.23796281134909 6540.950998406855 773.2810718002081)
(FD428,小菊-日曆小粉,,0.0,0.0	,0.03351030082865833	0.0	0.0	w: 0.0	0.0,!! 112.19243946914642 15720.543144958141 713.0220860838318)
(FR001,玫瑰-混合色,,0.0,0.0	,0.03266922046528382	0.0	0.0	w: 0.0	0.0,!! 354.4044320050093 37431.65016620696 3143.9944586124475)
(SA5,蘿蔔-青色,,0.0,0.0	,0.03140530908593032	0.0	0.0	w: 0.0	0.0,!! 44.4451389977979 15529.82345713666 128.96619146722176)
(LH9,菠菜-進口,,0.0,0.0	,-0.030613147439152864	0.0	0.0	w: 0.0	0.0,!! -126.04454637003184 9512.717432535384 1782.0814776274715)
(FT721,LO王后粉-單朵,,0.0,0.0	,0.03045514719154508	0.0	0.0	w: 0.0	0.0,!! 1.0869191936018794 749.9111666692822 1.6984911550468265)
(IH447,進口小蒼蘭-紫色,,0.0,0.0	,0.03004603108367936	0.0	0.0	w: 0.0	0.0,!! 17.67019793125762 2524.237503403346 137.01824141519242)
(FH052,水仙百合-橙,,0.0,0.0	,-0.02855801549048963	0.0	0.0	w: 0.0	0.0,!! -143.25927960157782 18761.603564476256 1341.2802234407523)
(FC300,大菊-黃,,0.0,0.0	,0.023769448901677353	0.0	0.0	w: 0.0	0.0,!! 109.14891888284404 14699.13026762937 1434.5279445645808)
(FG110,劍蘭-玫瑰紅,,0.0,0.0	,0.021629452316445214	0.0	0.0	w: 0.0	0.0,!! 142.10902661713305 42957.764034764725 1004.8717010682229)
(FG701,劍蘭-深紫,,0.0,0.0	,0.02160776531152905	0.0	0.0	w: 0.0	0.0,!! 44.422521629395106 55504.12059669116 76.1485223725286)
(FY115,條紋葉蘭-條紋葉蘭,,0.0,0.0	,0.020974778694833864	0.0	0.0	w: 0.0	0.0,!! 73.99253971578253 60685.139741219995 205.06839750260156)
(FS182,香水百合-貝妮妮雙朵,,0.0,0.0	,-0.02055953570527425	0.0	0.0	w: 0.0	0.0,!! -17.991222897905516 3068.769328204735 249.53445369406853)
(X3,蘋果-惠,,0.0,0.0	,0.020281864506689694	0.0	0.0	w: 0.0	0.0,!! 137.15258301238396 24217.42995644513 1888.2703587165063)
(FH296,向日葵-金鑽,,0.0,0.0	,0.018953076521792143	0.0	0.0	w: 0.0	0.0,!! 137.12950573722725 27381.521033920777 1911.8104003398155)
(FR812,玫瑰-冰火,,0.0,0.0	,-0.01801951827052902	0.0	0.0	w: 0.0	0.0,!! -192.09382226255877 36145.86910022095 3143.9944586124484)
(FU465,洋桔梗-神奇白,,0.0,0.0	,0.016239616254678332	0.0	0.0	w: 0.0	0.0,!! 61.33005637485496 24842.35719522529 574.119635796046)
(FU445,洋桔梗-禮儀淺粉,,0.0,0.0	,0.01595513842806262	0.0	0.0	w: 0.0	0.0,!! 67.00941623360872 49352.41112680923 357.4062484147371)
(FS692,香水百合-OT法拉索雙朵,,0.0,0.0	,0.01579201493439045	0.0	0.0	w: 0.0	0.0,!! 2.9857358052874012 3422.7676101952634 10.443600416233075)
(FT049,鐵砲百合-粉多朵,,0.0,0.0	,0.0155794080348451	0.0	0.0	w: 0.0	0.0,!! 10.339622760365593 7728.64285267039 56.99073332628771)
(FG601,劍蘭-大白,,0.0,0.0	,-0.014981931442384832	0.0	0.0	w: 0.0	0.0,!! -9.777960152299862 7766.31899628321 54.84609232732832)
(FA986,美女撫子-白,,0.0,0.0	,-0.014572850205803652	0.0	0.0	w: 0.0	0.0,!! -16.092420511008186 5363.872235217792 227.33971904266397)
(FH370,千鳥草-千鳥草,,0.0,0.0	,0.014049425573945347	0.0	0.0	w: 0.0	0.0,!! 10.903731925916262 4804.387798718099 125.3704370447451)
(FC116,大菊-花御殿,,0.0,0.0	,-0.014028614695654425	0.0	0.0	w: 0.0	0.0,!! -32.824997605682135 9106.13737915145 601.2369094693026)
(FG109,劍蘭-胭脂紅,,0.0,0.0	,-0.012614889404088133	0.0	0.0	w: 0.0	0.0,!! -7.648974535227087 6146.23687647029 59.81777315296563)
(FH298,向日葵-太陽神,,0.0,0.0	,0.011612746644830016	0.0	0.0	w: 0.0	0.0,!! 75.9305829402295 13598.21157156591 3143.994458612448)
(FU466,洋桔梗-超級神奇白,,0.0,0.0	,-0.01159464889774574	0.0	0.0	w: 0.0	0.0,!! -32.71593481190433 18162.42956204829 438.3585897258715)
(IH074,進口石蒜-粉花,,0.0,0.0	,0.011473027088904573	0.0	0.0	w: 0.0	0.0,!! 27.148930360411725 107355.09400642861 52.15869927159212)
(FH456,紫羅蘭-重瓣白,,0.0,0.0	,0.00844519735832839	0.0	0.0	w: 0.0	0.0,!! 19.305196383545383 38321.154563450415 136.3610246894511)
(T9,西瓜-進口,,0.0,0.0	,0.008047707284194305	0.0	0.0	w: 0.0	0.0,!! 465.05750509223856 2017059.206289818 1655.5805876447062)
(FH490,白頭翁-白頭翁,,0.0,0.0	,0.006231271302815867	0.0	0.0	w: 0.0	0.0,!! 32.34256955407526 67919.92810264457 396.64182101977116)
(SA2,蘿蔔-椿仔,,0.0,0.0	,0.006170138509840156	0.0	0.0	w: 0.0	0.0,!! 9.905183821936731 30428.82182561043 84.69350676378767)
(FA607,康乃馨-粉帶紅,,0.0,0.0	,0.005860347495802951	0.0	0.0	w: 0.0	0.0,!! 2.7060455402753085 1769.8128181332527 120.47477627471386)
(FN2,敏豆-青豆,,0.0,0.0	,-0.005716073272352083	0.0	0.0	w: 0.0	0.0,!! -52.23223952632222 48679.7470135501 1715.27361574044)
(FR119,玫瑰-黛安娜紅,,0.0,0.0	,-0.004795655135767989	0.0	0.0	w: 0.0	0.0,!! -16.34392141531212 16819.17388987738 690.5767950052029)
(FD752,小菊-辛達紫紅,,0.0,0.0	,-0.00396891543528038	0.0	0.0	w: 0.0	0.0,!! -12.525727222892687 12496.312207162871 797.0404107456425)
(FS550,威廉亞伯蒂-威廉亞伯蒂,,0.0,0.0	,-0.0015336401486994923	0.0	0.0	w: 0.0	0.0,!! -1.9744019051154105 29064.95855216362 57.02357960457852)
(FA402,康乃馨-淺粉,FA402,47.0,22.0      ,NaN    -14.528333687606079     3.9870967741935495      w: 0.0  0.0,!! 0.0 0.0 0.0)
(FA403,康乃馨-薄粉,FA403,51.333333333333336,62.0        ,NaN    -11.839857729904686     0.47419354838709893     w: 0.0  0.0,!! 0.0 0.0 0.0)
(FA843,康乃馨-拿鐵,FA843,45.0,25.0      ,NaN    -6.902433300082613      -4.222580645161283      w: 0.0  0.0,!! 0.0 0.0 0.0)
(FA930,小可愛-黃,FA930,28.0,32.0        ,NaN    -43.69596191156944      1.8483870967742 w: 0.0  0.0,!! 0.0 0.0 0.0)
(FB107,火鶴花-愛麗絲,FB107,8.0,48.0     ,NaN    -51.03589414904188      -4.5774193548387085     w: 0.0  0.0,!! 0.0 0.0 0.0)
(FB12,花椰菜-青梗,FB12,25.0,225.0       ,NaN    -46.21711767086637      0.0741935483870968      w: 0.0  0.0,!! 0.0 0.0 0.0)
(FB418,火鶴花-百香粉,FB418,14.0,34.0    ,NaN    -50.207972500302745     0.9258064516129068      w: 0.0  0.0,!! 0.0 0.0 0.0)
(FC102,大菊-英國紅,FC102,16.0,25.0      ,NaN    -39.782875533430094     -0.8290322580645153     w: 0.0  0.0,!! 0.0 0.0 0.0)
(FC113,大菊-桃太郎,FC113,66.0,11.0      ,NaN    6.690908539485541       0.27419354838709964     w: 0.0  0.0,!! 0.0 0.0 0.0)
(FC303,大菊-冬王,FC303,47.0,30.0        ,NaN    -16.173191063238022     -3.025806451612901      w: 0.0  0.0,!! 0.0 0.0 0.0)
(FC308,大菊-新種黃,FC308,28.0,100.0     ,NaN    -38.11173749492518      1.5709677419354797      w: 0.0  0.0,!! 0.0 0.0 0.0)
(FC313,大菊-矮仔黃,FC313,20.0,23.0      ,NaN    -30.687029917622745     3.748387096774195       w: 0.0  0.0,!! 0.0 0.0 0.0)
(FC318,大菊-黃東陽,FC318,49.0,50.0      ,NaN    -2.968635660842274      -6.841935483870966      w: 0.0  0.0,!! 0.0 0.0 0.0)
(FC345,大菊-黃斯不列,FC345,19.5,96.0    ,NaN    -42.11972164573908      -4.2419354838709715     w: 0.0  0.0,!! 0.0 0.0 0.0)
(FC406,大菊-平頭粉,FC406,132.0,50.0     ,NaN    73.18674623168417       2.106451612903225       w: 0.0  0.0,!! 0.0 0.0 0.0)
(FC480,大菊-粉八媛,FC480,40.0,40.0      ,NaN    -24.207972500302745     0.12580645161290605     w: 0.0  0.0,!! 0.0 0.0 0.0)
(FC603,大菊-白玉,FC603,58.666666666666664,200.0 ,NaN    -15.154644153295756     -9.764516129032263      w: 0.0  0.0,!! 0.0 0.0 0.0)
(FC606,大菊-精英白,FC606,80.0,40.0      ,NaN    18.47166631239392       5.4870967741935495      w: 0.0  0.0,!! 0.0 0.0 0.0)
(FC607,大菊-大頭白,FC607,115.0,50.0     ,NaN    31.88291442536371       -1.50645161290322       w: 0.0  0.0,!! 0.0 0.0 0.0)
(FC611,大菊-白秀鳳,FC611,33.0,30.0      ,NaN    -27.236336891284353     1.109677419354842       w: 0.0  0.0,!! 0.0 0.0 0.0)
(FC614,大菊-雲水,FC614,73.0,12.0        ,NaN    5.068561529800789       1.0096774193548406      w: 0.0  0.0,!! 0.0 0.0 0.0)
(FD103,小菊-空心紅,FD103,0.0,0.0        ,NaN    -72.25096839966851      0.33870967741935587     w: 0.0  0.0,!! 0.0 0.0 0.0)
(FD104,小菊-紅銅錢,FD104,42.0,21.0      ,NaN    -24.883365647271702     2.6870967741935488      w: 0.0  0.0,!! 0.0 0.0 0.0)
(FD110,小菊-咖啡小紅,FD110,75.0,25.0    ,NaN    -3.209958820286815      -3.338709677419354      w: 0.0  0.0,!! 0.0 0.0 0.0)
(FD114,小菊-桃太郎,FD114,57.0,18.0      ,NaN    -7.207972500302745      0.7258064516129075      w: 0.0  0.0,!! 0.0 0.0 0.0)
(FD120,小菊-紅天星,FD120,17.0,30.0      ,NaN    -33.687029917622745     2.348387096774193       w: 0.0  0.0,!! 0.0 0.0 0.0)
(FD202,小菊-淺小金,FD202,39.0,29.0      ,NaN    -19.813253768315832     1.606451612903225       w: 0.0  0.0,!! 0.0 0.0 0.0)
(FD302,小菊-黃銅錢,FD302,72.0,50.0      ,NaN    -16.993192739380376     0.748387096774195       w: 0.0  0.0,!! 0.0 0.0 0.0)
(FD305,小菊-黃初朝,FD305,67.0,15.0      ,NaN    3.826808936761978       4.7741935483871 w: 0.0  0.0,!! 0.0 0.0 0.0)
(FD320,小菊-荷蘭黃,FD320,96.0,72.0      ,NaN    7.006807260619624       0.4483870967741943      w: 0.0  0.0,!! 0.0 0.0 0.0)
(FD403,小菊-空心粉,FD403,0.0,0.0        ,NaN    -63.45473744927152      -0.8580645161290334     w: 0.0  0.0,!! 0.0 0.0 0.0)
(FD409,小菊-炎陽粉,FD409,0.0,0.0        ,NaN    -55.35100561588403      -0.44193548387096726    w: 0.0  0.0,!! 0.0 0.0 0.0)
(FD415,小菊-哈雷粉,FD415,15.0,30.0      ,NaN    -40.3086244993415       -0.8774193548387039     w: 0.0  0.0,!! 0.0 0.0 0.0)
(FD419,小菊-日月小粉,FD419,7.6,140.0    ,NaN    -67.73123158755268      -1.4387096774193537     w: 0.0  0.0,!! 0.0 0.0 0.0)
(FD425,小菊-瑪格麗特粉,FD425,50.0,50.0  ,NaN    -8.813253768315832      2.2064516129032263      w: 0.0  0.0,!! 0.0 0.0 0.0)
(FD503,小菊-鈕扣菊綠,FD503,49.333333333333336,591.0     ,NaN    -12.195000354272743     -3.21290322580645       w: 0.0  0.0,!! 0.0 0.0 0.0)
(FD505,小菊-福澤,FD505,29.5,402.0       ,NaN    -34.707972500302745     0.12580645161290605     w: 0.0  0.0,!! 0.0 0.0 0.0)
(FD603,小菊-空心白(短瓣),FD603,74.0,50.0        ,NaN    18.217124466569906      2.0709677419354833      w: 0.0  0.0,!! 0.0 0.0 0.0)
(FD616,小菊-跳舞白,FD616,41.0,100.0     ,NaN    -19.6098177226419       0.9548387096774213      w: 0.0  0.0,!! 0.0 0.0 0.0)
(FD617,小菊-白觀音,FD617,0.0,0.0        ,NaN    -59.04980926368094      -0.49354838709678006    w: 0.0  0.0,!! 0.0 0.0 0.0)
(FD621,小菊-川涼,FD621,0.0,0.0  ,NaN    -63.45473744927152      0.24193548387096442     w: 0.0  0.0,!! 0.0 0.0 0.0)
(FD630,小菊-白麵線小菊,FD630,26.0,201.0 ,NaN    -24.687029917622745     -4.351612903225806      w: 0.0  0.0,!! 0.0 0.0 0.0)
(FE102,非洲菊-達利奇,FE102,80.0,25.0    ,NaN    -8.993192739380376      1.6483870967741936      w: 0.0  0.0,!! 0.0 0.0 0.0)
(FE203,非洲菊-歐林,FE203,59.0,26.0      ,NaN    -29.993192739380376     4.748387096774195       w: 0.0  0.0,!! 0.0 0.0 0.0)
(FE402,非洲菊-瑪露西亞,FE402,28.0,26.0  ,NaN    -45.53868788803537      0.6129032258064484      w: 0.0  0.0,!! 0.0 0.0 0.0)
(FE407,非洲菊-火花,FE407,20.0,60.0      ,NaN    -40.6098177226419       0.25483870967742206     w: 0.0  0.0,!! 0.0 0.0 0.0)
(FE411,非洲菊-莉朵,FE411,40.0,99.0      ,NaN    -20.236336891284353     -12.29032258064516      w: 0.0  0.0,!! 0.0 0.0 0.0)
(FE412,非洲菊-拿破崙,FE412,19.0,30.0    ,NaN    -54.53868788803537      0.5129032258064505      w: 0.0  0.0,!! 0.0 0.0 0.0)
(FE602,非洲菊-瑪利亞,FE602,35.0,20.0    ,NaN    -30.584541176282357     -1.4419354838709673     w: 0.0  0.0,!! 0.0 0.0 0.0)
(FE920,非洲菊-迷你橙,FE920,0.0,0.0      ,NaN    -61.61972164573908      4.058064516129029       w: 0.0  0.0,!! 0.0 0.0 0.0)
(FE960,非洲菊-迷你白,FE960,0.0,0.0      ,NaN    -62.278599241261674     -4.593548387096771      w: 0.0  0.0,!! 0.0 0.0 0.0)
(FG405,劍蘭-薄粉,FG405,179.0,16.0       ,NaN    100.79004117971319      0.6612903225806441      w: 0.0  0.0,!! 0.0 0.0 0.0)
(FG411,劍蘭-粉紅佳人,FG411,55.0,45.0    ,NaN    -7.278599241261674      4.20645161290323        w: 0.0  0.0,!! 0.0 0.0 0.0)
(FG414,劍蘭-美國粉,FG414,69.25,87.0     ,NaN    6.971400758738326       -3.1935483870967722     w: 0.0  0.0,!! 0.0 0.0 0.0)
(FH090,針墊花-針墊花,FH090,37.0,45.0    ,NaN    -29.883365647271702     1.1870967741935488      w: 0.0  0.0,!! 0.0 0.0 0.0)
(FH145,金盞花-金盞花,FH145,22.0,10.0    ,NaN    -30.00359189493053      3.3677419354838705      w: 0.0  0.0,!! 0.0 0.0 0.0)
(FH307,瓜葉菊-瓜葉菊,FH307,0.0,0.0      ,NaN    -74.07519843924848      2.632258064516126       w: 0.0  0.0,!! 0.0 0.0 0.0)
(FH380,鳳尾草-鳳尾草,FH380,19.5,54.0    ,NaN    -36.18246585972066      -11.419354838709673     w: 0.0  0.0,!! 0.0 0.0 0.0)
(FH434,鬱金-粉,FH434,28.0,36.0  ,NaN    -30.813253768315832     -0.6935483870967758     w: 0.0  0.0,!! 0.0 0.0 0.0)
(FH612,鬱金香-橙色,FH612,92.6896551724138,1338.0        ,NaN    32.57696325148883       -0.15806451612903416    w: 0.0  0.0,!! 0.0 0.0 0.0)
(FH616,鬱金香-白色,FH616,111.33333333333333,96.0        ,NaN    22.340140593952952      1.3483870967741929      w: 0.0  0.0,!! 0.0 0.0 0.0)
(FH650,荷花-荷花,FH650,0.0,0.0  ,NaN    -62.278599241261674     -4.593548387096771      w: 0.0  0.0,!! 0.0 0.0 0.0)
(FH760,火炬花-百合,FH760,29.5,25.0      ,NaN    -25.851005615884027     -9.84193548387097       w: 0.0  0.0,!! 0.0 0.0 0.0)
(FH790,藍星花-藍星花,FH790,11.571428571428571,25.0      ,NaN    -40.397207089413705     -6.841935483870966      w: 0.0  0.0,!! 0.0 0.0 0.0)
(FK040,葵百合-粉,FK040,72.0,8.0 ,NaN    8.53566973692218        -0.0967741935483879     w: 0.0  0.0,!! 0.0 0.0 0.0)
(FK049,葵百合-粉多朵,FK049,155.0,13.0   ,NaN    93.47166631239392       1.8870967741935516      w: 0.0  0.0,!! 0.0 0.0 0.0)
(FK414,葵百合-阿卡波克紅四朵,FK414,112.0,24.0   ,NaN    59.99640810506947       2.4677419354838683      w: 0.0  0.0,!! 0.0 0.0 0.0)
(FK430,葵百合-瑪麗之星,FK430,80.0,14.0  ,NaN    22.46334676459484       2.1322580645161224      w: 0.0  0.0,!! 0.0 0.0 0.0)
(FK431,葵百合-瑪麗之星單朵,FK431,46.0,10.0      ,NaN    -17.173191063238022     4.974193548387099       w: 0.0  0.0,!! 0.0 0.0 0.0)
(FL012,姬百合-紅雙朵,FL012,0.0,0.0      ,NaN    -60.340189047746456     -0.9032258064516085     w: 0.0  0.0,!! 0.0 0.0 0.0)
(FL039,姬百合-黃多朵,FL039,36.5,24.0    ,NaN    -24.79027738374714      -0.5161290322580641     w: 0.0  0.0,!! 0.0 0.0 0.0)
(FL063,姬百合-白三朵,FL063,72.0,45.0    ,NaN    12.690908539485541      -4.6258064516129025     w: 0.0  0.0,!! 0.0 0.0 0.0)
(FL110,LA百合-紅,FL110,57.166666666666664,79.0  ,NaN    -16.372021221368705     0.9129032258064491      w: 0.0  0.0,!! 0.0 0.0 0.0)
(FL112,LA百合-紅雙朵,FL112,32.0,11.0    ,NaN    -41.53868788803537      6.0129032258064505      w: 0.0  0.0,!! 0.0 0.0 0.0)
(FL113,LA百合-紅三朵,FL113,48.5,22.0    ,NaN    -25.03868788803537      0.9129032258064491      w: 0.0  0.0,!! 0.0 0.0 0.0)
(FL119,LA百合-紅多朵,FL119,73.66666666666667,63.0       ,NaN    0.12797877863130225     0.9129032258064491      w: 0.0  0.0,!! 0.0 0.0 0.0)
(FL121,LA百合-橙單朵,FL121,47.666666666666664,122.0     ,NaN    -18.445070828258515     -9.62903225806452       w: 0.0  0.0,!! 0.0 0.0 0.0)
(FL130,LA百合-黃,FL130,35.0,27.0        ,NaN    -38.82131081996242      1.2354838709677374      w: 0.0  0.0,!! 0.0 0.0 0.0)
(FL131,LA百合-黃單朵,FL131,21.0,56.0    ,NaN    -52.82131081996242      -9.764516129032263      w: 0.0  0.0,!! 0.0 0.0 0.0)
(FL132,LA百合-黃雙朵,FL132,33.2,651.0   ,NaN    -40.62131081996242      -9.764516129032263      w: 0.0  0.0,!! 0.0 0.0 0.0)
(FL133,LA百合-黃三朵,FL133,49.5,299.0   ,NaN    -24.32131081996242      -9.764516129032263      w: 0.0  0.0,!! 0.0 0.0 0.0)
(FL139,LA百合-黃多朵,FL139,70.0,12.0    ,NaN    8.380278354260923       2.6580645161290306      w: 0.0  0.0,!! 0.0 0.0 0.0)
(FL141,LA百合-粉單朵,FL141,26.333333333333332,38.0      ,NaN    -41.59810513686588      -11.190322580645159     w: 0.0  0.0,!! 0.0 0.0 0.0)
(FL150,LA百合-木瓜黃,FL150,124.0,15.0   ,NaN    52.30403808843056       2.548387096774203       w: 0.0  0.0,!! 0.0 0.0 0.0)
(FL152,LA百合-木瓜黃雙朵,FL152,45.0,35.0        ,NaN    -22.93143847019921      0.2096774193548434      w: 0.0  0.0,!! 0.0 0.0 0.0)
(FL153,LA百合-木瓜黃三朵,FL153,71.0,120.0       ,NaN    3.068561529800789       -11.190322580645159     w: 0.0  0.0,!! 0.0 0.0 0.0)
(FL169,LA百合-白多朵,FL169,0.0,0.0      ,NaN    -61.61972164573908      -0.4419354838709708     w: 0.0  0.0,!! 0.0 0.0 0.0)
(FQ9,毛豆-進口,FQ9,26.0,3.0     ,NaN    -33.30909146051446      -1.4258064516129032     w: 0.0  0.0,!! 0.0 0.0 0.0)
(FR102,玫瑰-成功紅,FR102,182.0,6.0      ,NaN    122.95019073631906      5.00645161290322        w: 0.0  0.0,!! 0.0 0.0 0.0)
(FR110,玫瑰-古典美人,FR110,214.0,5.0    ,NaN    135.79004117971317      0.7612903225806456      w: 0.0  0.0,!! 0.0 0.0 0.0)
(FR118,玫瑰-富麗,FR118,6.0,14.0 ,NaN    -44.687029917622745     -4.351612903225806      w: 0.0  0.0,!! 0.0 0.0 0.0)
(FR401,玫瑰-薇瓦蒂粉,FR401,0.0,0.0      ,NaN    -55.3086244993415       -0.8774193548387039     w: 0.0  0.0,!! 0.0 0.0 0.0)
(FR409,玫瑰-新牛紅３號,FR409,63.0,18.0  ,NaN    4.848759790400933       1.8193548387096783      w: 0.0  0.0,!! 0.0 0.0 0.0)
(FR419,玫瑰-紅粉佳人,FR419,0.0,0.0      ,NaN    -55.3086244993415       0.6225806451612961      w: 0.0  0.0,!! 0.0 0.0 0.0)
(FR420,玫瑰-蘇菲亞,FR420,0.0,0.0        ,NaN    -50.687029917622745     0.4483870967741943      w: 0.0  0.0,!! 0.0 0.0 0.0)
(FR422,玫瑰-佳人,FR422,83.0,6.0 ,NaN    7.668768412447321       1.7612903225806456      w: 0.0  0.0,!! 0.0 0.0 0.0)
(FR423,玫瑰-諾貝斯,FR423,0.0,0.0        ,NaN    -58.68185179128338      -0.5193548387096776     w: 0.0  0.0,!! 0.0 0.0 0.0)
(FR425,玫瑰-愛麗莎,FR425,13.0,117.0     ,NaN    -44.311161853282975     -0.5483870967741922     w: 0.0  0.0,!! 0.0 0.0 0.0)
(FR432,玫瑰-玉玲瓏,FR432,0.0,0.0        ,NaN    -59.30909146051446      -1.025806451612901      w: 0.0  0.0,!! 0.0 0.0 0.0)
(FR502,玫瑰-蘋果綠,FR502,55.0,8.0       ,NaN    -7.278599241261674      3.506451612903227       w: 0.0  0.0,!! 0.0 0.0 0.0)
(FR701,玫瑰-紫夫人,FR701,0.0,0.0        ,NaN    -62.278599241261674     -0.2935483870967701     w: 0.0  0.0,!! 0.0 0.0 0.0)
(FR802,玫瑰-雙喜,FR802,55.333333333333336,23.0  ,NaN    -8.87463916696941       0.12580645161290605     w: 0.0  0.0,!! 0.0 0.0 0.0)
(FR808,玫瑰-拉斐爾,FR808,57.0,3.0       ,NaN    -7.207972500302745      -1.4741935483870936     w: 0.0  0.0,!! 0.0 0.0 0.0)
(FS221,香水百合-里伯拉單朵,FS221,67.33333333333333,151.0        ,NaN    5.054734092071655       -3.1935483870967722     w: 0.0  0.0,!! 0.0 0.0 0.0)
(FS231,香水百合-雷夢娜單朵,FS231,54.0,358.0     ,NaN    2.031364339157726       -6.841935483870966      w: 0.0  0.0,!! 0.0 0.0 0.0)
(FS262,香水百合-西伯利亞雙朵,FS262,86.0,16.0    ,NaN    21.440458564755673      1.238709677419358       w: 0.0  0.0,!! 0.0 0.0 0.0)
(FS269,香水百合-西伯利亞多朵,FS269,239.0,9.0    ,NaN    174.79202749969727      1.125806451612906       w: 0.0  0.0,!! 0.0 0.0 0.0)
(FS420,香水百合-百老匯,FS420,98.0,23.0  ,NaN    35.721400758738326      -0.2935483870967701     w: 0.0  0.0,!! 0.0 0.0 0.0)
(FS422,香水百合-百老匯雙朵,FS422,72.0,23.0      ,NaN    13.186746231684168      0.4064516129032256      w: 0.0  0.0,!! 0.0 0.0 0.0)
(FS519,香水百合-羅沙多多朵,FS519,152.0,50.0     ,NaN    90.47166631239392       1.6870967741935523      w: 0.0  0.0,!! 0.0 0.0 0.0)
(FS613,香水百合-黃晶新娘三朵,FS613,99.0,12.0    ,NaN    36.721400758738326      -6.3935483870967715     w: 0.0  0.0,!! 0.0 0.0 0.0)
(FS619,香水百合-黃晶新娘多朵,FS619,313.0,22.0   ,NaN    239.46131211196462      -4.4870967741935495     w: 0.0  0.0,!! 0.0 0.0 0.0)
(FS640,香水百合-邁阿密,FS640,71.0,13.0  ,NaN    3.619204732477769       -0.619354838709679      w: 0.0  0.0,!! 0.0 0.0 0.0)
(FS641,香水百合-邁阿密單朵,FS641,99.0,12.0      ,NaN    47.031364339157726      0.15806451612903416     w: 0.0  0.0,!! 0.0 0.0 0.0)
(FS642,香水百合-邁阿密雙朵,FS642,116.0,11.0     ,NaN    64.03136433915773       0.15806451612903416     w: 0.0  0.0,!! 0.0 0.0 0.0)
(FS690,香水百合-OT法拉索,FS690,94.0,26.0        ,NaN    42.031364339157726      -0.4419354838709637     w: 0.0  0.0,!! 0.0 0.0 0.0)
(FS693,香水百合-OT法拉索三朵,FS693,74.625,153.0 ,NaN    12.346400758738326      -3.1935483870967722     w: 0.0  0.0,!! 0.0 0.0 0.0)
(FS840,香水百合-吾愛粉,FS840,30.0,48.0  ,NaN    -43.53868788803537      -2.1870967741935505     w: 0.0  0.0,!! 0.0 0.0 0.0)
(FT012,鐵砲百合-紅雙朵,FT012,59.0,16.0  ,NaN    3.2171244665699064      -2.7290322580645157     w: 0.0  0.0,!! 0.0 0.0 0.0)
(FT161,臺灣百合-單朵,FT161,20.0,60.0    ,NaN    -40.23346350612816      -6.531250000000002      w: 0.0  0.0,!! 0.0 0.0 0.0)
(FT362,鐵砲百合-白狐雙朵,FT362,41.0,20.0        ,NaN    -25.11173749492518      -1.6290322580645196     w: 0.0  0.0,!! 0.00.0 0.0)
(FT713,LO特里昂菲特-三朵,FT713,25.333333333333332,121.0 ,NaN    -34.90013017279483      -0.9312500000000021     w: 0.0  0.0,!! 0.0 0.0 0.0)
(FU142,洋桔梗-可愛粉,FU142,131.0,18.0   ,NaN    63.06856152980079       1.0096774193548406      w: 0.0  0.0,!! 0.0 0.0 0.0)
(FU151,洋桔梗-單瓣彩藍,FU151,75.0,10.0  ,NaN    15.950190736319058      3.2064516129032192      w: 0.0  0.0,!! 0.0 0.0 0.0)
(FU154,洋桔梗-可愛綠,FU154,70.14285714285714,572.0      ,NaN    9.906520251572786       -12.29032258064516      w: 0.0  0.0,!! 0.0 0.0 0.0)
(FU211,洋桔梗-單瓣白紅邊,FU211,129.4,70.0       ,NaN    57.1490316003315        -8.261290322580646      w: 0.0  0.0,!! 0.0 0.0 0.0)
(FW000,重量計花卉-重量計花卉,FW000,31.0,20.0    ,NaN    -19.687029917622745     1.1483870967741936      w: 0.0  0.0,!! 0.0 0.0 0.0)
(FW470,卡斯比亞-卡斯比亞紫,FW470,59.0,12.0      ,NaN    6.99640810506947        -1.3322580645161324     w: 0.0  0.0,!! 0.0 0.0 0.0)
(FW510,滿天星-紅,FW510,78.0,5.0 ,NaN    19.186746231684168      1.7064516129032263      w: 0.0  0.0,!! 0.0 0.0 0.0)
(FW661,水晶花-白鑽,FW661,64.0,40.0      ,NaN    8.648994384115973       -9.84193548387097       w: 0.0  0.0,!! 0.0 0.0 0.0)
(FY045,小黃邊征木-小黃邊征木,FY045,24.0,53.0    ,NaN    -40.207972500302745     -0.37419354838709395    w: 0.0  0.0,!! 0.0 0.0 0.0)
(FY062,觀賞玉米-觀賞玉米,FY062,140.375,107.0    ,NaN    74.79045882371764       -11.641935483870967     w: 0.0  0.0,!! 0.0 0.0 0.0)
(FY098,染色觀音棕竹葉-染色觀音棕竹葉,FY098,11.0,34.0    ,NaN    -40.968635660842274     1.3580645161290334      w: 0.0  0.0,!! 0.0 0.0 0.0)
(H59,葡萄柚-進口白肉,H59,40.0,225.0     ,NaN    -11.968635660842274     2.958064516129035       w: 0.0  0.0,!! 0.0 0.0 0.0)
(IA302,進口康乃馨-淺黃,IA302,80.0,46.0  ,NaN    8.174458284563002       -11.13225806451613      w: 0.0  0.0,!! 0.0 0.0 0.0)
(IA604,進口康乃馨-黃帶紫,IA604,81.0,16.0        ,NaN    -2.1170855746362918     1.49354838709678        w: 0.0  0.0,!! 0.0 0.0 0.0)
(IA607,進口康乃馨-粉帶紅,IA607,122.0,20.0       ,NaN    63.84875979040093       -4.58064516129032       w: 0.0  0.0,!! 0.0 0.0 0.0)
(IA810,進口康乃馨-多朵紅,IA810,75.0,36.0        ,NaN    11.015916724111833      0.11935483870967545     w: 0.0  0.0,!! 0.0 0.0 0.0)
(IA830,進口康乃馨-多朵黃,IA830,74.0,72.0        ,NaN    10.015916724111833      0.11935483870967545     w: 0.0  0.0,!! 0.0 0.0 0.0)
(IA840,進口康乃馨-多朵粉,IA840,85.0,108.0       ,NaN    21.015916724111833      0.11935483870967545     w: 0.0  0.0,!! 0.0 0.0 0.0)
(IA860,進口康乃馨-多朵白,IA860,60.0,36.0        ,NaN    -0.23633689128435265    -2.1903225806451587     w: 0.0  0.0,!! 0.0 0.0 0.0)
(IA881,進口康乃馨-多朵紅帶白,IA881,82.0,72.0    ,NaN    18.015916724111833      0.11935483870967545     w: 0.0  0.0,!! 0.0 0.0 0.0)
(IA883,進口康乃馨-多朵橙帶紅,IA883,130.0,42.0   ,NaN    74.64899438411598       0.6580645161290306      w: 0.0  0.0,!! 0.0 0.0 0.0)
(IA886,進口康乃馨-多朵白帶紅,IA886,70.0,36.0    ,NaN    6.0159167241118325      0.11935483870967545     w: 0.0  0.0,!! 0.0 0.0 0.0)
(IA887,進口康乃馨-多朵白帶紫,IA887,100.0,12.0   ,NaN    31.243554358914693      -0.6225806451612854     w: 0.0  0.0,!! 0.0 0.0 0.0)
(IA910,進口小可愛-紅,IA910,0.0,0.0      ,NaN    -60.6098177226419       -1.4451612903225772     w: 0.0  0.0,!! 0.0 0.0 0.0)
(IA980,進口美女撫子-進口美女撫子,IA980,0.0,0.0  ,NaN    -73.82131081996242      1.7354838709677374      w: 0.0  0.0,!! 0.0 0.0 0.0)
(IB101,進口火鶴花-紅紅心,IB101,13.107692307692307,23525.0       ,NaN    -75.88550043168807      1.3483870967741929      w: 0.0  0.0,!! 0.0 0.0 0.0)
(IB400,進口火鶴花-粉色,IB400,0.0,0.0    ,NaN    -55.1111320264822       0.7387096774193616      w: 0.0  0.0,!! 0.0 0.0 0.0)
(IC100,進口大菊-紅,IC100,69.0,8.0       ,NaN    9.690908539485541       3.8741935483870975      w: 0.0  0.0,!! 0.0 0.0 0.0)
(IC330,進口大菊-黃麵線菊,IC330,108.5,28.0       ,NaN    40.56856152980079       -11.190322580645159     w: 0.0  0.0,!! 0.0 0.0 0.0)
(IC609,進口大菊-白東洋,IC609,0.0,0.0    ,NaN    -52.477431593090124     2.0677419354838733      w: 0.0  0.0,!! 0.0 0.0 0.0)
(ID206,進口小菊-雙色金紅,ID206,89.0,10.0        ,NaN    15.46131211196463       -0.2870967741935502     w: 0.0  0.0,!! 0.0 0.0 0.0)
(ID301,進口小菊-黃金月,ID301,123.0,60.0 ,NaN    55.06856152980079       1.0096774193548406      w: 0.0  0.0,!! 0.0 0.0 0.0)
(ID314,進口小菊-鈕扣菊黃,ID314,51.5,40.0        ,NaN    -12.484083275888167     -12.280645161290327     w: 0.0  0.0,!! 0.0 0.0 0.0)
(ID601,進口小菊-丁字菊白,ID601,161.0,100.0      ,NaN    93.06856152980079       1.0096774193548406      w: 0.0  0.0,!! 0.0 0.0 0.0)
(ID800,進口小菊-染色小菊,ID800,72.0,180.0       ,NaN    -6.209958820286815      -2.038709677419355      w: 0.0  0.0,!! 0.0 0.0 0.0)
(ID900,進口小菊-迷你翠菊,ID900,82.94736842105263,888.0  ,NaN    23.63827696053817       -4.6258064516129025     w: 0.0  0.0
,!! 0.0 0.0 0.0)
(IE000,進口非洲菊-進口非洲菊,IE000,48.0,48.0    ,NaN    -18.11173749492518      -9.62903225806452       w: 0.0  0.0,!! 0.0 0.0 0.0)
(IE001,進口非洲菊-混合色,IE001,58.0,18.0        ,NaN    -8.11173749492518       0.5709677419354797      w: 0.0  0.0,!! 0.0 0.0 0.0)
(IE100,進口非洲菊-紅,IE100,68.0,18.0    ,NaN    1.8882625050748203      0.5709677419354797      w: 0.0  0.0,!! 0.0 0.0 0.0)
(IE200,進口非洲菊-橙,IE200,52.0,12.0    ,NaN    -14.11173749492518      0.5709677419354797      w: 0.0  0.0,!! 0.0 0.0 0.0)
(IE300,進口非洲菊-黃,IE300,55.0,6.0     ,NaN    -11.11173749492518      0.5709677419354797      w: 0.0  0.0,!! 0.0 0.0 0.0)
(IE400,進口非洲菊-粉,IE400,57.0,12.0    ,NaN    -9.11173749492518       -9.62903225806452       w: 0.0  0.0,!! 0.0 0.0 0.0)
(IE700,進口非洲菊-紫,IE700,73.0,18.0    ,NaN    6.88826250507482        0.5709677419354797      w: 0.0  0.0,!! 0.0 0.0 0.0)
(IG113,進口劍蘭-新種紅,IG113,107.3,24.0 ,NaN    54.82256840690987       1.9677419354838719      w: 0.0  0.0,!! 0.0 0.0 0.0)
(IG116,進口劍蘭-雙色金紅,IG116,0.0,0.0  ,NaN    -52.477431593090124     2.2677419354838726      w: 0.0  0.0,!! 0.0 0.0 0.0)
(IH050,進口水仙百合-混色,IH050,128.45,59.0      ,NaN    54.62868918003757       -9.764516129032263      w: 0.0  0.0,!! 0.0 0.0 0.0)
(IH062,進口水仙百合-雙色,IH062,114.5,24.0       ,NaN    40.42480156075152       -0.6677419354838712     w: 0.0  0.0,!! 0.0 0.0 0.0)
(IH125,進口翠珠花-進口翠珠花,IH125,0.0,0.0      ,NaN    -53.44920352385923      -2.36451612903225       w: 0.0  0.0,!! 0.0 0.0 0.0)
(IH135,進口垂焦-進口垂焦,IH135,5.0,80.0 ,NaN    -58.98408327588817      0.31935483870967474     w: 0.0  0.0,!! 0.0 0.0 0.0)
(IH180,進口宮燈百合-進口宮燈百合,IH180,160.0,18.0       ,NaN    100.69090853948555      2.2741935483870996      w: 0.0  0.0,!! 0.0 0.0 0.0)
(IH190,進口鳴子百合-進口鳴子百合,IH190,3.6,318.0        ,NaN    -70.47519843924849      -9.067741935483873      w: 0.0  0.0,!! 0.0 0.0 0.0)
(IH201,進口貓柳-進口貓柳,IH201,0.0,0.0  ,NaN    -72.25096839966851      -0.46129032258064484    w: 0.0  0.0,!! 0.0 0.0 0.0)
(IH293,進口向日葵-單瓣,IH293,56.4,121.0 ,NaN    -7.584083275888169      0.8193548387096747      w: 0.0  0.0,!! 0.0 0.0 0.0)
(IH318,進口大理花-雙色,IH318,0.0,0.0    ,NaN    -60.6098177226419       -1.4451612903225772     w: 0.0  0.0,!! 0.0 0.0 0.0)
(IH363,進口金魚草-黃色,IH363,30.0,59.0  ,NaN    -28.68185179128338      -0.01935483870967758    w: 0.0  0.0,!! 0.0 0.0 0.0)
(IH442,進口小蒼蘭-橙色,IH442,153.0,15.0 ,NaN    89.01591672411183       0.519354838709674       w: 0.0  0.0,!! 0.0 0.0 0.0)
(IH495,進口陸蓮花-進口陸蓮花,IH495,206.0,15.0   ,NaN    147.84875979040095      -4.880645161290321      w: 0.0  0.0,!! 0.0 0.0 0.0)
(IH620,進口水仙花-進口水仙花,IH620,152.0,30.0   ,NaN    88.82680893676198       -2.3258064516129        w: 0.0  0.0,!! 0.0 0.0 0.0)
(IH630,進口海芋-混色,IH630,101.6,44.0   ,NaN    36.01545882371764       1.1580645161290342      w: 0.0  0.0,!! 0.0 0.0 0.0)
(IH631,進口海芋-紅,IH631,119.0,8.0      ,NaN    45.17868918003758       -0.5645161290322633     w: 0.0  0.0,!! 0.0 0.0 0.0)
(IH661,進口伯利恆之星-進口伯利恆之星,IH661,42.63333333333333,68.0       ,NaN    -31.187977486629087     -9.764516129032263
      w: 0.0  0.0,!! 0.0 0.0 0.0)
(IH670,進口茉莉花-進口茉莉花,IH670,10.0,60.0    ,NaN    -63.82131081996242      1.535483870967738       w: 0.0  0.0,!! 0.0 0.0 0.0)
(IH730,進口黑種草-進口黑種草,IH730,65.0,48.0    ,NaN    -9.075198439248481      -9.067741935483873      w: 0.0  0.0,!! 0.0 0.0 0.0)
(IK000,進口葵百合-進口葵百合,IK000,51.0,144.0   ,NaN    -16.93143847019921      0.2096774193548434      w: 0.0  0.0,!! 0.0 0.0 0.0)
(IO331,文心蘭-進口 大,IO331,23.0,50.0   ,NaN    -45.75644564108531      -0.9225806451612861     w: 0.0  0.0,!! 0.0 0.0 0.0)
(IO500,進口石斛蘭-混合色,IO500,85.0,40.0        ,NaN    20.792027499697255      0.5258064516129082      w: 0.0  0.0,!! 0.0 0.0 0.0)
(IO561,進口石斛蘭-白紅心,IO561,115.0,14.0       ,NaN    44.48226877645003       2.0419354838709616      w: 0.0  0.0,!! 0.0 0.0 0.0)
(IR101,進口玫瑰-紅莎曼莎,IR101,355.0,8.0        ,NaN    299.64899438411595      -0.44193548387096726    w: 0.0  0.0,!! 0.0 0.0 0.0)
(IR105,進口玫瑰-櫻紅,IR105,389.5,8.0    ,NaN    317.674458284563        1.1677419354838712      w: 0.0  0.0,!! 0.0 0.0 0.0)
(IR300,進口玫瑰-黃,IR300,180.0,6.0      ,NaN    119.76366310871565      -1.6903225806451587     w: 0.0  0.0,!! 0.0 0.0 0.0)
(IR408,進口玫瑰-黛安娜粉,IR408,89.0,8.0 ,NaN    31.46334676459484       1.5322580645161246      w: 0.0  0.0,!! 0.0 0.0 0.0)
(IR436,進口玫瑰-翡翠粉,IR436,101.0,30.0 ,NaN    33.06856152980079       0.2096774193548434      w: 0.0  0.0,!! 0.0 0.0 0.0)
(IR500,進口玫瑰-綠,IR500,199.0,3.0      ,NaN    131.06856152980077      0.2096774193548434      w: 0.0  0.0,!! 0.0 0.0 0.0)
(IR606,進口玫瑰-牛奶妹,IR606,226.0,35.0 ,NaN    158.06856152980077      -11.190322580645159     w: 0.0  0.0,!! 0.0 0.0 0.0)
(IR607,進口玫瑰-翡翠白,IR607,210.0,5.0  ,NaN    142.06856152980077      0.2096774193548434      w: 0.0  0.0,!! 0.0 0.0 0.0)
(IR705,進口玫瑰-紫天王,IR705,140.75,80.0        ,NaN    72.81856152980079       -11.190322580645159     w: 0.0  0.0,!! 0.0 0.0 0.0)
(IR900,進口玫瑰-迷你混合,IR900,74.0,12.0        ,NaN    13.887308079075034      -0.15806451612903416    w: 0.0  0.0,!! 0.0 0.0 0.0)
(IS363,進口香水百合-辛普隆三朵,IS363,81.0,10.0  ,NaN    18.721400758738326      2.506451612903227       w: 0.0  0.0,!! 0.00.0 0.0)
(IU442,進口洋桔梗-雙瓣粉,IU442,15.0,16.0        ,NaN    -40.35100561588403      0.25806451612903203     w: 0.0  0.0,!! 0.0 0.0 0.0)
(IU462,進口洋桔梗-雙瓣白,IU462,0.0,0.0  ,NaN    -55.35100561588403      0.25806451612903203     w: 0.0  0.0,!! 0.0 0.0 0.0)
(IU572,進口洋桔梗-雙瓣白紫邊,IU572,16.0,32.0    ,NaN    -39.35100561588403      0.25806451612903203     w: 0.0  0.0,!! 0.0 0.0 0.0)
(IW100,進口星辰花-混色,IW100,0.0,0.0    ,NaN    -71.825541715437        -1.0322580645161281     w: 0.0  0.0,!! 0.0 0.0 0.0)
(IW170,進口星辰花-紫,IW170,55.0,24.0    ,NaN    -23.209958820286815     1.361290322580647       w: 0.0  0.0,!! 0.0 0.0 0.0)
(IW510,進口滿天星-紅,IW510,0.0,0.0      ,NaN    -58.81325376831583      2.106451612903225       w: 0.0  0.0,!! 0.0 0.0 0.0)
(IW631,進口水晶花-黃鑽,IW631,150.0,11.0 ,NaN    82.06856152980079       0.2096774193548434      w: 0.0  0.0,!! 0.0 0.0 0.0)
(IW640,進口水晶花-粉鑽,IW640,125.0,60.0 ,NaN    57.06856152980079       0.2096774193548434      w: 0.0  0.0,!! 0.0 0.0 0.0)
(IW661,進口水晶花-銀鑽,IW661,78.5,105.0 ,NaN    10.568561529800789      -11.190322580645159     w: 0.0  0.0,!! 0.0 0.0 0.0)
(IY017,進口八角金盤-進口八角金盤,IY017,32.0,50.0        ,NaN    -26.813253768315832     1.2064516129032263      w: 0.0  0.0,!! 0.0 0.0 0.0)
(IY050,進口山蘇葉-進口山蘇葉,IY050,23.0,66.0    ,NaN    -40.46433026307782      1.1032258064516114      w: 0.0  0.0,!! 0.0 0.0 0.0)
(IY072,進口石化柳-進口石化柳,IY072,12.0,300.0   ,NaN    -47.03589414904188      -2.7774193548387096     w: 0.0  0.0,!! 0.0 0.0 0.0)
(MF0,蠔菇-其他,MF0,29.0,40.0    ,NaN    -31.340189047746456     -13.103225806451608     w: 0.0  0.0,!! 0.0 0.0 0.0)
(ML0,珊瑚菇-其他,ML0,31.0,12.0  ,NaN    -29.340189047746456     1.1967741935483929      w: 0.0  0.0,!! 0.0 0.0 0.0)
(SH9,竹筍-進口,SH9,25.0,100.0   ,NaN    -48.82131081996242      1.2354838709677374      w: 0.0  0.0,!! 0.0 0.0 0.0)
(SQ9,茭白筍-進口,SQ9,90.0,15.0  ,NaN    31.186746231684168      1.7064516129032263      w: 0.0  0.0,!! 0.0 0.0 0.0)
(SX5,芽菜類-蘿蔔嬰,SX5,35.0,22.0        ,NaN    -17.00359189493053      2.4677419354838683      w: 0.0  0.0,!! 0.0 0.0 0.0)
(X7,蘋果-陸奧,X7,105.0,660.0    ,NaN    40.44045856475567       0.5387096774193587      w: 0.0  0.0,!! 0.0 0.0 0.0)
